4.748669266700744629e-01 -2.422984540462493896e-01 -1.031712651252746582e+00
4.605160951614379883e-01 -2.435035705566406250e-01 -1.012087464332580566e+00
4.695584774017333984e-01 -2.389695346355438232e-01 -1.023996472358703613e+00
4.120085239410400391e-01 -2.570148706436157227e-01 -9.468941092491149902e-01
4.220750331878662109e-01 -2.529899477958679199e-01 -9.602755904197692871e-01
4.474525451660156250e-01 -2.495982348918914795e-01 -9.948274493217468262e-01
4.531499743461608887e-01 -2.288882881402969360e-01 -1.000170946121215820e+00
4.434741139411926270e-01 -2.441276609897613525e-01 -9.886845350265502930e-01
4.108849167823791504e-01 -2.506297230720520020e-01 -9.445735812187194824e-01
4.014098644256591797e-01 -2.557386755943298340e-01 -9.321380257606506348e-01
4.099125266075134277e-01 -2.537201046943664551e-01 -9.436078667640686035e-01
3.923426270484924316e-01 -2.394294291734695435e-01 -9.176729321479797363e-01
4.603385329246520996e-01 -2.154761552810668945e-01 -1.009309649467468262e+00
3.524401187896728516e-01 -2.709663808345794678e-01 -8.665156364440917969e-01
4.406259059906005859e-01 -2.432256937026977539e-01 -9.846514463424682617e-01
4.392823576927185059e-01 -2.496160268783569336e-01 -9.835736155509948730e-01
4.009076952934265137e-01 -2.603601217269897461e-01 -9.322667717933654785e-01
4.318712353706359863e-01 -2.491420656442642212e-01 -9.733061194419860840e-01
4.160467982292175293e-01 -2.488580942153930664e-01 -9.515638947486877441e-01
3.955519199371337891e-01 -2.527815997600555420e-01 -9.239123463630676270e-01
3.906132578849792480e-01 -2.555309534072875977e-01 -9.174600243568420410e-01
3.395464420318603516e-01 -2.770002782344818115e-01 -8.503178954124450684e-01
3.269491791725158691e-01 -2.815775573253631592e-01 -8.338819742202758789e-01
3.385375738143920898e-01 -2.826579809188842773e-01 -8.493940830230712891e-01
3.214546442031860352e-01 -2.801703214645385742e-01 -8.250405788421630859e-01
3.099984526634216309e-01 -2.815217673778533936e-01 -8.096705079078674316e-01
2.924771904945373535e-01 -2.891025841236114502e-01 -7.871258258819580078e-01
2.878509759902954102e-01 -2.881258130073547363e-01 -7.797827720642089844e-01
2.766551375389099121e-01 -2.928482294082641602e-01 -7.647553682327270508e-01
2.752650380134582520e-01 -2.902892231941223145e-01 -7.626740932464599609e-01
2.857841849327087402e-01 -2.929058372974395752e-01 -7.773783802986145020e-01
2.624689936637878418e-01 -2.907297015190124512e-01 -7.453795075416564941e-01
2.715611457824707031e-01 -2.857573926448822021e-01 -7.568795084953308105e-01
2.733662128448486328e-01 -2.968915700912475586e-01 -7.607978582382202148e-01
2.488523274660110474e-01 -3.037366569042205811e-01 -7.280905246734619141e-01
2.047633677721023560e-01 -3.067918717861175537e-01 -6.686902642250061035e-01
2.264965325593948364e-01 -3.064375221729278564e-01 -6.972969174385070801e-01
2.046616524457931519e-01 -3.078812956809997559e-01 -6.673899888992309570e-01
2.070756405591964722e-01 -3.096435368061065674e-01 -6.713915467262268066e-01
2.143240422010421753e-01 -3.121482431888580322e-01 -6.812179684638977051e-01
1.925013512372970581e-01 -3.253818452358245850e-01 -6.527543663978576660e-01
1.883603483438491821e-01 -3.283989429473876953e-01 -6.474143862724304199e-01
2.146852165460586548e-01 -3.333767056465148926e-01 -6.842840313911437988e-01
2.217930406332015991e-01 -3.218470215797424316e-01 -6.926813721656799316e-01
1.965373903512954712e-01 -3.195367455482482910e-01 -6.576075553894042969e-01
1.831055730581283569e-01 -3.235003352165222168e-01 -6.395822763442993164e-01
1.749759763479232788e-01 -3.138396143913269043e-01 -6.272134184837341309e-01
1.666399687528610229e-01 -3.182068467140197754e-01 -6.166974306106567383e-01
1.156821697950363159e-01 -3.247468471527099609e-01 -5.481629967689514160e-01
1.361900866031646729e-01 -3.206046521663665771e-01 -5.760616660118103027e-01
1.284038126468658447e-01 -3.266944289207458496e-01 -5.646653175354003906e-01
9.643346071243286133e-02 -3.365660309791564941e-01 -5.226646065711975098e-01
7.000203430652618408e-02 -3.395908176898956299e-01 -4.874505400657653809e-01
4.666849970817565918e-02 -3.431283831596374512e-01 -4.561618566513061523e-01
6.729577481746673584e-02 -3.375720977783203125e-01 -4.837507605552673340e-01
3.033056855201721191e-02 -3.472001850605010986e-01 -4.343085885047912598e-01
2.786625921726226807e-02 -3.467824459075927734e-01 -4.310238361358642578e-01
6.990742683410644531e-02 -3.401295542716979980e-01 -4.868844151496887207e-01
6.802813708782196045e-02 -3.369897305965423584e-01 -4.841727018356323242e-01
1.501668989658355713e-02 -3.488864898681640625e-01 -4.136015772819519043e-01
-1.901440322399139404e-03 -3.488126993179321289e-01 -3.902963995933532715e-01
-4.874004423618316650e-02 -3.580197691917419434e-01 -3.281696140766143799e-01
-2.517801523208618164e-02 -3.523787260055541992e-01 -3.592720627784729004e-01
-5.389283224940299988e-02 -3.543549180030822754e-01 -3.206388354301452637e-01
-9.355001151561737061e-02 -3.085905611515045166e-01 -2.600669264793395996e-01
-7.558950036764144897e-02 -3.526672124862670898e-01 -2.909744977951049805e-01
-8.199216425418853760e-02 -3.236930370330810547e-01 -2.779828310012817383e-01
-9.016494452953338623e-02 -3.300220966339111328e-01 -2.678452730178833008e-01
-1.129736751317977905e-01 -8.223811537027359009e-02 -2.012681514024734497e-01
-1.180774196982383728e-01 -6.012440472841262817e-02 -1.912623047828674316e-01
-1.308397799730300903e-01 -7.134899497032165527e-02 -1.755021959543228149e-01
-1.228138804435729980e-01 -8.645498752593994141e-02 -1.884744018316268921e-01
-1.338664144277572632e-01 1.987532675266265869e-01 -1.330158412456512451e-01
-3.691280633211135864e-02 3.258617818355560303e-01 -2.487670034170150757e-01
-1.358855515718460083e-01 3.440153002738952637e-01 -1.079626083374023438e-01
-1.317703872919082642e-01 3.640189170837402344e-01 -1.117970719933509827e-01
-1.380873024463653564e-01 3.428963422775268555e-01 -1.047870963811874390e-01
-1.304124593734741211e-01 3.681350946426391602e-01 -1.130571961402893066e-01
-1.180441528558731079e-01 6.064201891422271729e-02 -1.729089021682739258e-01
-1.344403624534606934e-01 3.584166765213012695e-01 -1.062628924846649170e-01
-1.306443661451339722e-01 3.371051549911499023e-01 -1.153501123189926147e-01
-1.254489272832870483e-01 3.590021729469299316e-01 -1.205683276057243347e-01
-1.187360733747482300e-01 3.656740188598632812e-01 -1.290995478630065918e-01
-1.024299114942550659e-01 3.781100511550903320e-01 -1.468311995267868042e-01
-1.128835976123809814e-01 3.675184249877929688e-01 -1.361812800168991089e-01
-9.692846983671188354e-02 3.771322369575500488e-01 -1.541221290826797485e-01
-9.507173299789428711e-02 3.768383860588073730e-01 -1.562354266643524170e-01
-8.449310064315795898e-02 3.803634643554687500e-01 -1.701324135065078735e-01
-9.542335569858551025e-02 3.759922981262207031e-01 -1.569261848926544189e-01
-8.936370909214019775e-02 3.573605418205261230e-01 -1.717256903648376465e-01
-7.292488962411880493e-02 3.792203068733215332e-01 -1.892472058534622192e-01
-7.298377156257629395e-02 3.805281519889831543e-01 -1.883865892887115479e-01
-6.717269122600555420e-02 3.849351406097412109e-01 -1.955492347478866577e-01
-4.215541481971740723e-02 3.929595351219177246e-01 -2.297342121601104736e-01
-5.397634208202362061e-02 3.893153667449951172e-01 -2.129268944263458252e-01
-5.127277970314025879e-02 3.901714086532592773e-01 -2.166704237461090088e-01
-4.687001556158065796e-02 3.914099931716918945e-01 -2.234575450420379639e-01
-3.794632107019424438e-02 3.942776918411254883e-01 -2.356274574995040894e-01
-3.458177298307418823e-02 3.955533504486083984e-01 -2.393526881933212280e-01
-3.623519837856292725e-02 3.947571516036987305e-01 -2.382737696170806885e-01
-1.122670620679855347e-02 4.032061100006103516e-01 -2.705488204956054688e-01
-3.144562244415283203e-02 3.964387774467468262e-01 -2.441733330488204956e-01
-1.854940503835678101e-02 4.007985591888427734e-01 -2.608039379119873047e-01
-4.005201160907745361e-03 4.050913453102111816e-01 -2.803255617618560791e-01
4.156640172004699707e-02 4.140563011169433594e-01 -3.414970040321350098e-01
1.126430928707122803e-02 4.088123440742492676e-01 -3.007327318191528320e-01
5.843691527843475342e-03 4.071784019470214844e-01 -2.936913371086120605e-01
4.402892291545867920e-02 4.139094948768615723e-01 -3.451041579246520996e-01
3.259158134460449219e-02 4.128724336624145508e-01 -3.290672004222869873e-01
6.023171544075012207e-02 4.180490970611572266e-01 -3.661915957927703857e-01
4.440294206142425537e-02 4.147584438323974609e-01 -3.458561301231384277e-01
1.222960948944091797e-01 4.284133315086364746e-01 -4.504183828830718994e-01
1.374987214803695679e-01 4.329522252082824707e-01 -4.714247584342956543e-01
8.993709087371826172e-02 4.238576889038085938e-01 -4.068228006362915039e-01
1.448050290346145630e-01 4.342206120491027832e-01 -4.813543558120727539e-01
1.685597449541091919e-01 4.389553070068359375e-01 -5.133816599845886230e-01
1.863261610269546509e-01 4.455507397651672363e-01 -5.370630621910095215e-01
1.630077213048934937e-01 4.389936923980712891e-01 -5.056172013282775879e-01
2.096841186285018921e-01 4.514596462249755859e-01 -5.694788694381713867e-01
2.172984331846237183e-01 4.570367336273193359e-01 -5.794343948364257812e-01
2.320326119661331177e-01 4.656731486320495605e-01 -5.989523530006408691e-01
2.331736534833908081e-01 4.596126079559326172e-01 -6.009854674339294434e-01
2.429720312356948853e-01 4.641940593719482422e-01 -6.141850352287292480e-01
2.905318140983581543e-01 4.864518046379089355e-01 -6.768397092819213867e-01
2.898970842361450195e-01 4.802525043487548828e-01 -6.770637035369873047e-01
3.275153636932373047e-01 4.947738051414489746e-01 -7.272009849548339844e-01
3.232045173645019531e-01 4.944968223571777344e-01 -7.211912274360656738e-01
3.516420722007751465e-01 4.891427755355834961e-01 -7.613947987556457520e-01
3.268582820892333984e-01 5.000228881835937500e-01 -7.264950871467590332e-01
3.156186342239379883e-01 4.782848358154296875e-01 -7.130517959594726562e-01
2.942554950714111328e-01 4.844000935554504395e-01 -6.823576092720031738e-01
2.976446747779846191e-01 4.862603545188903809e-01 -6.867259740829467773e-01
3.331871032714843750e-01 4.984090328216552734e-01 -7.348453402519226074e-01
3.360925912857055664e-01 5.065610408782958984e-01 -7.378360629081726074e-01
3.460450768470764160e-01 5.055821537971496582e-01 -7.513515353202819824e-01
3.407238721847534180e-01 5.017617344856262207e-01 -7.443436384201049805e-01
3.396611809730529785e-01 4.900513887405395508e-01 -7.442904710769653320e-01
3.720912337303161621e-01 5.054998993873596191e-01 -7.871002554893493652e-01
3.437231183052062988e-01 4.988872408866882324e-01 -7.486267685890197754e-01
3.426766991615295410e-01 4.984624385833740234e-01 -7.471835017204284668e-01
3.281062245368957520e-01 5.012852549552917480e-01 -7.267928719520568848e-01
3.547310233116149902e-01 5.078265070915222168e-01 -7.628201842308044434e-01
3.037344813346862793e-01 4.916214942932128906e-01 -6.948930025100708008e-01
3.552721142768859863e-01 5.047605633735656738e-01 -7.642802596092224121e-01
3.128918409347534180e-01 4.941664934158325195e-01 -7.070019841194152832e-01
3.548285961151123047e-01 5.058650970458984375e-01 -7.638188004493713379e-01
3.807283043861389160e-01 5.045325160026550293e-01 -7.983547449111938477e-01
4.120094776153564453e-01 5.070793032646179199e-01 -8.419794440269470215e-01
3.962528109550476074e-01 5.002715587615966797e-01 -8.202354311943054199e-01
4.364398121833801270e-01 5.076456069946289062e-01 -8.747749924659729004e-01
4.698449969291687012e-01 5.130340456962585449e-01 -9.206023812294006348e-01
4.037095904350280762e-01 5.056718587875366211e-01 -8.298894762992858887e-01
3.774138092994689941e-01 4.960525035858154297e-01 -7.944421768188476562e-01
4.291307330131530762e-01 -2.246423661708831787e-01 -9.686013460159301758e-01
4.314227104187011719e-01 -2.375107407569885254e-01 -9.734688401222229004e-01
4.912396669387817383e-01 3.582140207290649414e-01 -9.729933142662048340e-01
4.513558149337768555e-01 -2.195201218128204346e-01 -9.982457160949707031e-01
5.152760744094848633e-01 3.798202872276306152e-01 -1.002442121505737305e+00
5.029643774032592773e-01 2.510248422622680664e-01 -1.004022836685180664e+00
5.479718446731567383e-01 -6.377145648002624512e-03 -1.101047754287719727e+00
5.328862667083740234e-01 4.103000462055206299e-02 -1.073817253112792969e+00
5.167030096054077148e-01 -2.081473171710968018e-01 -1.085301399230957031e+00
5.354830622673034668e-01 2.648091018199920654e-01 -1.046188592910766602e+00
5.118301510810852051e-01 -1.934332251548767090e-01 -1.076723933219909668e+00
4.854423999786376953e-01 -2.228725701570510864e-01 -1.043931961059570312e+00
4.446186423301696777e-01 -2.234061658382415771e-01 -9.891086220741271973e-01
4.078482389450073242e-01 -2.552628517150878906e-01 -9.421054720878601074e-01
3.812586665153503418e-01 -2.648400366306304932e-01 -9.063205122947692871e-01
3.893271088600158691e-01 -2.589010596275329590e-01 -9.166980981826782227e-01
4.141646623611450195e-01 -2.552101910114288330e-01 -9.503813982009887695e-01
4.123109579086303711e-01 -2.505238950252532959e-01 -9.474471807479858398e-01
4.479228854179382324e-01 -2.484024763107299805e-01 -9.958808422088623047e-01
4.327895045280456543e-01 -2.474028766155242920e-01 -9.750123023986816406e-01
4.251325726509094238e-01 -2.508094310760498047e-01 -9.649346470832824707e-01
3.904513120651245117e-01 -2.624727487564086914e-01 -9.184656739234924316e-01
4.277720451354980469e-01 -2.495125830173492432e-01 -9.679698944091796875e-01
3.901599049568176270e-01 -2.649630904197692871e-01 -9.189913272857666016e-01
4.079846143722534180e-01 -2.536954879760742188e-01 -9.423949122428894043e-01
4.021342396736145020e-01 -2.621876001358032227e-01 -9.351909756660461426e-01
3.989572525024414062e-01 -2.606565952301025391e-01 -9.307444691658020020e-01
3.578677773475646973e-01 -2.695876955986022949e-01 -8.757020235061645508e-01
4.053798317909240723e-01 -2.508990466594696045e-01 -9.376835823059082031e-01
3.831447362899780273e-01 -2.555925548076629639e-01 -9.074675440788269043e-01
3.954367041587829590e-01 -1.222096085548400879e-01 -9.068137407302856445e-01
3.667017221450805664e-01 3.192775249481201172e-01 -8.050315976142883301e-01
3.538054823875427246e-01 -3.172001242637634277e-02 -8.364384174346923828e-01
3.782797455787658691e-01 -2.587538659572601318e-01 -9.007970690727233887e-01
3.897399306297302246e-01 -2.545298337936401367e-01 -9.159143567085266113e-01
3.827344179153442383e-01 -2.550240457057952881e-01 -9.063318371772766113e-01
4.115193486213684082e-01 -2.494109570980072021e-01 -9.453001618385314941e-01
3.941377401351928711e-01 -2.451851963996887207e-01 -9.210951328277587891e-01
3.873819112777709961e-01 -2.244070023298263550e-01 -9.090210795402526855e-01
3.975821733474731445e-01 -2.524833977222442627e-01 -9.264709353446960449e-01
3.721275925636291504e-01 -2.605279386043548584e-01 -8.923758268356323242e-01
3.841802477836608887e-01 -2.573314905166625977e-01 -9.085938334465026855e-01
3.572204709053039551e-01 -2.636423110961914062e-01 -8.724570870399475098e-01
3.772027492523193359e-01 -2.677551805973052979e-01 -9.002422690391540527e-01
3.327293395996093750e-01 -2.761834859848022461e-01 -8.403983712196350098e-01
3.695612549781799316e-01 -2.602401971817016602e-01 -8.888053297996520996e-01
3.605415821075439453e-01 -2.683306336402893066e-01 -8.773580193519592285e-01
3.501258492469787598e-01 -2.682982385158538818e-01 -8.630044460296630859e-01
3.357014656066894531e-01 -2.746220529079437256e-01 -8.446605801582336426e-01
3.429390192031860352e-01 -2.702737450599670410e-01 -8.548368811607360840e-01
3.051095008850097656e-01 -2.835282981395721436e-01 -8.040651679039001465e-01
3.190155625343322754e-01 -2.770698964595794678e-01 -8.221002221107482910e-01
3.316085338592529297e-01 -2.682172060012817383e-01 -8.376896977424621582e-01
3.522793650627136230e-01 -2.682753801345825195e-01 -8.667477965354919434e-01
3.146014809608459473e-01 -2.813844084739685059e-01 -8.167870640754699707e-01
3.561909198760986328e-01 -2.669880092144012451e-01 -8.721843361854553223e-01
2.966586351394653320e-01 -2.836293876171112061e-01 -7.923309206962585449e-01
3.209794759750366211e-01 -2.791675925254821777e-01 -8.248006701469421387e-01
2.917603850364685059e-01 -2.881998419761657715e-01 -7.858837842941284180e-01
3.147256374359130859e-01 -2.824829220771789551e-01 -8.168245553970336914e-01
2.772919535636901855e-01 -2.885710000991821289e-01 -7.658776640892028809e-01
2.487420290708541870e-01 -2.945778965950012207e-01 -7.278673052787780762e-01
2.647577524185180664e-01 -2.938134968280792236e-01 -7.494556307792663574e-01
2.567729353904724121e-01 -2.964870631694793701e-01 -7.388085722923278809e-01
2.565749883651733398e-01 -2.954693734645843506e-01 -7.385792732238769531e-01
2.175558954477310181e-01 -3.035592734813690186e-01 -6.856918334960937500e-01
2.197443097829818726e-01 -3.060606718063354492e-01 -6.886731386184692383e-01
1.881909221410751343e-01 -3.110884428024291992e-01 -6.458500027656555176e-01
1.882837265729904175e-01 -3.165664076805114746e-01 -6.458772420883178711e-01
1.793453544378280640e-01 -3.171315491199493408e-01 -6.336350440979003906e-01
1.758552938699722290e-01 -3.192138373851776123e-01 -6.290750503540039062e-01
1.658145338296890259e-01 -3.177789449691772461e-01 -6.162654757499694824e-01
1.159914284944534302e-01 -3.260770440101623535e-01 -5.495358109474182129e-01
1.118395030498504639e-01 -3.257362246513366699e-01 -5.434761643409729004e-01
1.242506653070449829e-01 -3.263496756553649902e-01 -5.603213310241699219e-01
1.197698265314102173e-01 -3.278276324272155762e-01 -5.541335940361022949e-01
9.372760355472564697e-02 -3.314053416252136230e-01 -5.187364816665649414e-01
8.687891066074371338e-02 -3.349093794822692871e-01 -5.100801587104797363e-01
7.412324845790863037e-02 -3.367720842361450195e-01 -4.928550124168395996e-01
5.045209825038909912e-02 -3.407602608203887939e-01 -4.609360098838806152e-01
4.873831570148468018e-02 -3.405181467533111572e-01 -4.586585164070129395e-01
3.226561844348907471e-02 -3.458831310272216797e-01 -4.364215135574340820e-01
6.241072714328765869e-02 -3.376176357269287109e-01 -4.767292737960815430e-01
7.276602089405059814e-02 -3.379292488098144531e-01 -4.911075234413146973e-01
6.083458662033081055e-02 -3.418966531753540039e-01 -4.748103022575378418e-01
3.912943601608276367e-02 -3.427488803863525391e-01 -4.457382559776306152e-01
1.251881569623947144e-02 -3.474689126014709473e-01 -4.096452593803405762e-01
-1.867160946130752563e-02 -3.542860150337219238e-01 -3.683763742446899414e-01
-5.453582108020782471e-02 -3.509054780006408691e-01 -3.192538022994995117e-01
-6.394135206937789917e-02 -3.533916473388671875e-01 -3.068731427192687988e-01
-7.188367098569869995e-02 -3.494243025779724121e-01 -2.955157160758972168e-01
-5.855368077754974365e-02 -3.513585329055786133e-01 -3.138744235038757324e-01
-9.524106979370117188e-02 -2.328372895717620850e-01 -2.470384091138839722e-01
-1.143677830696105957e-01 -1.441508978605270386e-01 -2.082429379224777222e-01
-9.690582752227783203e-02 -3.079634308815002441e-01 -2.554242610931396484e-01
-9.967640787363052368e-02 -2.358623296022415161e-01 -2.413129806518554688e-01
-8.703342080116271973e-02 -2.717865705490112305e-01 -2.636820375919342041e-01
-1.307449489831924438e-01 1.041246950626373291e-01 -1.507142931222915649e-01
-1.260753124952316284e-01 -3.933742642402648926e-03 -1.722323149442672729e-01
-1.299018263816833496e-01 2.123804390430450439e-02 -1.634920984506607056e-01
-1.117308139801025391e-01 7.133843004703521729e-02 -1.815203279256820679e-01
3.130079805850982666e-02 3.787706494331359863e-01 -3.341703414916992188e-01
-1.228621304035186768e-01 2.932454049587249756e-01 -1.332284063100814819e-01
-1.275427192449569702e-01 1.457276940345764160e-01 -1.493934839963912964e-01
-1.288792043924331665e-01 3.389933705329895020e-01 -1.194014325737953186e-01
2.296508699655532837e-01 4.710142016410827637e-01 -5.948148369789123535e-01
2.970011830329895020e-01 4.920026659965515137e-01 -6.854172348976135254e-01
3.050470948219299316e-01 4.927406907081604004e-01 -6.958953738212585449e-01
3.556361198425292969e-01 4.956091642379760742e-01 -7.651092410087585449e-01
2.851606607437133789e-01 2.076447308063507080e-01 -7.074123620986938477e-01
2.472956031560897827e-01 4.759907126426696777e-01 -6.189262866973876953e-01
3.970708847045898438e-01 5.072268843650817871e-01 -8.209140896797180176e-01
4.076352119445800781e-01 5.006053447723388672e-01 -8.364555835723876953e-01
3.956696391105651855e-01 5.068745017051696777e-01 -8.202158808708190918e-01
4.790570139884948730e-01 4.961565136909484863e-01 -9.356326460838317871e-01
5.123097300529479980e-01 4.944341182708740234e-01 -9.822361469268798828e-01
4.186232089996337891e-01 5.021368861198425293e-01 -8.513236641883850098e-01
4.665103554725646973e-01 5.025292038917541504e-01 -9.172917604446411133e-01
3.758164644241333008e-01 -2.176273912191390991e-01 -8.927094936370849609e-01
1.063949316740036011e-01 4.341343641281127930e-01 -4.297384619712829590e-01
-6.243981420993804932e-02 3.866759538650512695e-01 -2.035420686006546021e-01
-3.020965307950973511e-02 3.951317667961120605e-01 -2.466820776462554932e-01
-4.171219468116760254e-02 3.909751772880554199e-01 -2.307136356830596924e-01
-1.064377352595329285e-01 3.475393652915954590e-01 -1.493354439735412598e-01
-9.577251225709915161e-02 3.773820400238037109e-01 -1.588447839021682739e-01
-5.131303519010543823e-02 3.917428851127624512e-01 -2.168886661529541016e-01
-1.120879650115966797e-01 3.750729560852050781e-01 -1.369266211986541748e-01
-7.945096492767333984e-02 3.811889290809631348e-01 -1.798774600028991699e-01
2.244490385055541992e-02 4.121529459953308105e-01 -3.150345683097839355e-01
-8.766742050647735596e-02 3.847196102142333984e-01 -1.695935726165771484e-01
-1.180063560605049133e-01 2.476121187210083008e-01 -1.476076692342758179e-01
-9.319720417261123657e-02 3.764891028404235840e-01 -1.621810793876647949e-01
-5.955114588141441345e-02 3.884474635124206543e-01 -2.065595984458923340e-01
-8.550612628459930420e-02 3.789021372795104980e-01 -1.736839115619659424e-01
-7.134931534528732300e-02 3.833422064781188965e-01 -1.909667253494262695e-01
-6.799658387899398804e-02 3.844407200813293457e-01 -1.954455375671386719e-01
-5.871845409274101257e-02 3.876333236694335938e-01 -2.071616649627685547e-01
-7.141183316707611084e-02 3.809848427772521973e-01 -1.923606544733047485e-01
-5.554089322686195374e-02 3.884940743446350098e-01 -2.122074961662292480e-01
-3.151822835206985474e-02 3.969510197639465332e-01 -2.434914559125900269e-01
-4.255239665508270264e-02 3.929573893547058105e-01 -2.286357432603836060e-01
-3.892099112272262573e-02 3.939906954765319824e-01 -2.341817170381546021e-01
-3.492920845746994019e-02 3.952466249465942383e-01 -2.397452145814895630e-01
-3.998074680566787720e-02 3.935265541076660156e-01 -2.332854866981506348e-01
-5.339925363659858704e-02 3.889260888099670410e-01 -2.162659466266632080e-01
-3.771105408668518066e-02 3.942393660545349121e-01 -2.364541143178939819e-01
-2.142716944217681885e-02 3.997202515602111816e-01 -2.575607299804687500e-01
-1.490062475204467773e-02 4.018730521202087402e-01 -2.662151455879211426e-01
-1.573769748210906982e-02 4.015234112739562988e-01 -2.654317915439605713e-01
-5.335733294486999512e-04 4.060103893280029297e-01 -2.856865525245666504e-01
-1.973054558038711548e-02 4.002789258956909180e-01 -2.598149180412292480e-01
-9.718962013721466064e-03 4.036111235618591309e-01 -2.729583680629730225e-01
-1.596813648939132690e-02 4.015926122665405273e-01 -2.644814848899841309e-01
-3.561988472938537598e-03 4.023471474647521973e-01 -2.818927764892578125e-01
3.684461116790771484e-02 4.132679104804992676e-01 -3.356178998947143555e-01
3.571613132953643799e-02 4.131955504417419434e-01 -3.339807391166687012e-01
3.113405406475067139e-02 4.114332795143127441e-01 -3.280066251754760742e-01
2.459441125392913818e-02 4.112626314163208008e-01 -3.188226222991943359e-01
5.805541574954986572e-02 4.175277352333068848e-01 -3.635438680648803711e-01
5.589646100997924805e-02 4.161323904991149902e-01 -3.610219359397888184e-01
6.553103029727935791e-02 4.177798032760620117e-01 -3.745459318161010742e-01
1.310482919216156006e-01 4.378503561019897461e-01 -4.615043103694915771e-01
1.657267063856124878e-01 4.441626667976379395e-01 -5.091333985328674316e-01
1.367589831352233887e-01 4.364827275276184082e-01 -4.699594974517822266e-01
1.522645503282546997e-01 4.424933791160583496e-01 -4.908524155616760254e-01
1.187794208526611328e-01 4.363242983818054199e-01 -4.445934593677520752e-01
9.085100889205932617e-02 4.325462579727172852e-01 -4.067850410938262939e-01
1.429390162229537964e-01 4.425839781761169434e-01 -4.778698682785034180e-01
1.529391258955001831e-01 4.490111470222473145e-01 -4.904718399047851562e-01
1.658629626035690308e-01 4.539470076560974121e-01 -5.077229738235473633e-01
1.805897504091262817e-01 4.531950354576110840e-01 -5.285995602607727051e-01
1.849185079336166382e-01 4.506074190139770508e-01 -5.357606410980224609e-01
1.696577519178390503e-01 4.493707418441772461e-01 -5.149911642074584961e-01
1.830263286828994751e-01 4.531256556510925293e-01 -5.331543684005737305e-01
2.088350802659988403e-01 4.628779888153076172e-01 -5.672300457954406738e-01
2.974321842193603516e-01 4.861208796501159668e-01 -6.866278648376464844e-01
2.259501069784164429e-01 4.698439240455627441e-01 -5.900710225105285645e-01
3.367896080017089844e-01 5.061087012290954590e-01 -7.384442687034606934e-01
3.124960064888000488e-01 4.904504418373107910e-01 -7.063733339309692383e-01
3.833451867103576660e-01 4.239085316658020020e-01 -8.142941594123840332e-01
3.748272061347961426e-01 4.979152679443359375e-01 -7.920204997062683105e-01
3.340737223625183105e-01 4.869133234024047852e-01 -7.367702722549438477e-01
3.628880977630615234e-01 2.381637394428253174e-01 -8.115673661231994629e-01
3.643151521682739258e-01 4.883560538291931152e-01 -7.786397337913513184e-01
3.628712892532348633e-01 4.930599927902221680e-01 -7.750833630561828613e-01
3.583534359931945801e-01 4.955412149429321289e-01 -7.692027688026428223e-01
3.460680842399597168e-01 4.438973069190979004e-01 -7.597215771675109863e-01
3.887096047401428223e-01 5.080506205558776855e-01 -8.097497820854187012e-01
3.404249548912048340e-01 4.983408451080322266e-01 -7.439579367637634277e-01
3.176314234733581543e-01 4.967609047889709473e-01 -7.134587168693542480e-01
3.472595810890197754e-01 5.006110668182373047e-01 -7.538996338844299316e-01
3.408342003822326660e-01 5.023775100708007812e-01 -7.448096871376037598e-01
3.713696002960205078e-01 5.103306770324707031e-01 -7.863002419471740723e-01
3.265072107315063477e-01 5.041663646697998047e-01 -7.251567244529724121e-01
3.798659443855285645e-01 5.134978890419006348e-01 -7.975251078605651855e-01
3.855466246604919434e-01 5.187377929687500000e-01 -8.056229352951049805e-01
4.583458304405212402e-01 5.068994164466857910e-01 -9.066690206527709961e-01
4.927746057510375977e-01 5.154073834419250488e-01 -9.527480602264404297e-01
5.459380745887756348e-01 -9.603597968816757202e-02 -1.110536217689514160e+00
5.326454639434814453e-01 4.976320266723632812e-01 -1.010046362876892090e+00
5.057379603385925293e-01 5.013673007488250732e-02 -1.034486293792724609e+00
4.981013536453247070e-01 -1.574218869209289551e-01 -1.052641749382019043e+00
5.202398300170898438e-01 1.780439913272857666e-01 -1.036796569824218750e+00
4.968586564064025879e-01 -1.991529613733291626e-01 -1.056789994239807129e+00
4.871770739555358887e-01 -2.136848121881484985e-01 -1.045210003852844238e+00
4.950425028800964355e-01 -7.101385295391082764e-02 -1.036529660224914551e+00
4.924665689468383789e-01 -1.189962774515151978e-01 -1.039588689804077148e+00
4.969167113304138184e-01 -2.094330936670303345e-01 -1.058113813400268555e+00
4.953872561454772949e-01 -2.228216528892517090e-01 -1.057626605033874512e+00
4.961462020874023438e-01 -2.003405094146728516e-01 -1.055952072143554688e+00
4.898749589920043945e-01 -2.294921576976776123e-01 -1.050839543342590332e+00
5.164912939071655273e-01 -2.191445082426071167e-01 -1.086256384849548340e+00
5.095804333686828613e-01 -2.149965167045593262e-01 -1.076233506202697754e+00
5.069184303283691406e-01 -2.293051481246948242e-01 -1.074297428131103516e+00
4.776704907417297363e-01 -2.354457676410675049e-01 -1.034745931625366211e+00
4.587223529815673828e-01 -2.419539391994476318e-01 -1.009428858757019043e+00
4.698012471199035645e-01 -2.380722165107727051e-01 -1.024222373962402344e+00
4.832155108451843262e-01 -2.296958863735198975e-01 -1.041689515113830566e+00
4.623336791992187500e-01 -2.426884323358535767e-01 -1.014492988586425781e+00
4.615550041198730469e-01 -2.221199125051498413e-01 -1.011432886123657227e+00
4.272477030754089355e-01 -2.501757740974426270e-01 -9.670613408088684082e-01
4.422742724418640137e-01 -2.458831071853637695e-01 -9.872438907623291016e-01
4.487467408180236816e-01 -2.453093528747558594e-01 -9.960914850234985352e-01
4.479479193687438965e-01 -2.407307922840118408e-01 -9.944370388984680176e-01
4.605107903480529785e-01 -2.406641244888305664e-01 -1.011736631393432617e+00
4.493102431297302246e-01 -2.432316243648529053e-01 -9.966164827346801758e-01
4.360015392303466797e-01 -2.492944598197937012e-01 -9.790147542953491211e-01
4.351015686988830566e-01 -2.514596581459045410e-01 -9.780368804931640625e-01
4.309648871421813965e-01 -2.542874515056610107e-01 -9.726800322532653809e-01
3.873706459999084473e-01 -2.618694901466369629e-01 -9.135382175445556641e-01
3.860746026039123535e-01 -2.613455653190612793e-01 -9.116892814636230469e-01
3.758360147476196289e-01 -2.643634080886840820e-01 -8.979489207267761230e-01
3.697250485420227051e-01 -2.706742584705352783e-01 -8.902934193611145020e-01
3.877741694450378418e-01 -2.581345140933990479e-01 -9.136422276496887207e-01
3.962695598602294922e-01 -2.394681870937347412e-01 -9.230877757072448730e-01
3.566616773605346680e-01 -2.521985769271850586e-01 -8.700608611106872559e-01
3.404572606086730957e-01 -2.677187323570251465e-01 -8.496140837669372559e-01
3.705204129219055176e-01 -2.582537233829498291e-01 -8.903362751007080078e-01
3.456430435180664062e-01 -2.686116993427276611e-01 -8.570424318313598633e-01
3.546532392501831055e-01 -2.645365297794342041e-01 -8.691983222961425781e-01
3.461688160896301270e-01 -2.731156349182128906e-01 -8.590819835662841797e-01
3.257387280464172363e-01 -2.826969623565673828e-01 -8.312743306159973145e-01
3.450635075569152832e-01 -2.763267159461975098e-01 -8.578206896781921387e-01
3.467648029327392578e-01 -2.753091454505920410e-01 -8.607107996940612793e-01
3.178545832633972168e-01 -2.793710827827453613e-01 -8.213350176811218262e-01
3.439397215843200684e-01 -2.767145037651062012e-01 -8.565530776977539062e-01
2.812550067901611328e-01 -2.907035648822784424e-01 -7.717626690864562988e-01
3.145926594734191895e-01 -2.864964902400970459e-01 -8.170667886734008789e-01
2.793670892715454102e-01 -2.872192859649658203e-01 -7.691398262977600098e-01
2.899888753890991211e-01 -2.872356474399566650e-01 -7.835329771041870117e-01
2.204379290342330933e-01 -3.033504486083984375e-01 -6.899967789649963379e-01
1.998705416917800903e-01 -3.081924319267272949e-01 -6.618633270263671875e-01
1.895294040441513062e-01 -3.086718916893005371e-01 -6.477805376052856445e-01
1.787610203027725220e-01 -3.117516636848449707e-01 -6.334277391433715820e-01
1.749406605958938599e-01 -3.127751648426055908e-01 -6.281932592391967773e-01
2.249271124601364136e-01 -2.995189428329467773e-01 -6.947435736656188965e-01
1.994263976812362671e-01 9.906926751136779785e-02 -6.053406000137329102e-01
2.188840657472610474e-01 -3.009629845619201660e-01 -6.870401501655578613e-01
2.014347165822982788e-01 7.012784481048583984e-03 -6.207937598228454590e-01
1.826754063367843628e-01 -9.902158379554748535e-02 -6.101184487342834473e-01
1.511107832193374634e-01 4.288853406906127930e-01 -4.924411773681640625e-01
1.510272473096847534e-01 -3.135964870452880859e-01 -5.962939858436584473e-01
1.496614068746566772e-01 -3.079930543899536133e-01 -5.940027832984924316e-01
1.684872955083847046e-01 -3.063828945159912109e-01 -6.197503209114074707e-01
1.035484820604324341e-01 -3.311053812503814697e-01 -5.331085324287414551e-01
4.900825023651123047e-02 -3.397742211818695068e-01 -4.597221612930297852e-01
8.704645931720733643e-02 -3.260101675987243652e-01 -5.110204815864562988e-01
1.068396866321563721e-01 -3.310755789279937744e-01 -5.380494594573974609e-01
6.395438313484191895e-02 -3.359259068965911865e-01 -4.796399474143981934e-01
3.747171163558959961e-02 -3.415351808071136475e-01 -4.440521597862243652e-01
5.962584912776947021e-02 -3.459355831146240234e-01 -4.747973680496215820e-01
5.225114524364471436e-02 -3.446649909019470215e-01 -4.645766019821166992e-01
6.376875936985015869e-02 -3.396151959896087646e-01 -4.798570275306701660e-01
5.155158042907714844e-02 -3.439784944057464600e-01 -4.636613130569458008e-01
3.070002794265747070e-02 -3.445978462696075439e-01 -4.352869987487792969e-01
2.777247130870819092e-02 -3.504548668861389160e-01 -4.318553209304809570e-01
1.419530808925628662e-02 -3.474123477935791016e-01 -4.128351211547851562e-01
-3.957107663154602051e-03 -3.484264016151428223e-01 -3.880303502082824707e-01
-6.426241993904113770e-02 -3.510355949401855469e-01 -3.060872852802276611e-01
-3.225233405828475952e-02 -3.551042377948760986e-01 -3.503751754760742188e-01
-7.913058251142501831e-02 -3.162607550621032715e-01 -2.807561159133911133e-01
-1.042956262826919556e-01 -1.769909113645553589e-01 -2.266730666160583496e-01
-1.097118929028511047e-01 -1.558984071016311646e-01 -2.163084000349044800e-01
-9.635575115680694580e-02 -3.147385716438293457e-01 -2.571782469749450684e-01
-9.987093508243560791e-02 -2.555506527423858643e-01 -2.438836544752120972e-01
-1.294700950384140015e-01 2.928958833217620850e-02 -1.630948483943939209e-01
-1.204596087336540222e-01 3.476710915565490723e-01 -1.295764744281768799e-01
-1.332041472196578979e-01 3.302991390228271484e-01 -1.153492927551269531e-01
-1.328005939722061157e-01 2.135963141918182373e-01 -1.326583474874496460e-01
-1.095420196652412415e-01 3.378012776374816895e-01 -1.462194323539733887e-01
-1.360370069742202759e-01 3.244547247886657715e-01 -1.122241988778114319e-01
-1.419702470302581787e-01 2.614944577217102051e-01 -1.128011047840118408e-01
-1.353426128625869751e-01 3.262772262096405029e-01 -1.123389080166816711e-01
-1.483494341373443604e-01 1.153707802295684814e-01 -1.249379292130470276e-01
-9.494568407535552979e-02 3.787541985511779785e-01 -1.582564860582351685e-01
-1.214827373623847961e-01 3.680352568626403809e-01 -1.252429485321044922e-01
-1.206024289131164551e-01 3.690941929817199707e-01 -1.259501576423645020e-01
-1.110926419496536255e-01 3.710225820541381836e-01 -1.393554955720901489e-01
-7.206740975379943848e-02 3.832468986511230469e-01 -1.893856972455978394e-01
-7.646869122982025146e-02 3.820227980613708496e-01 -1.830337941646575928e-01
-6.645403057336807251e-02 3.853494524955749512e-01 -1.985528767108917236e-01
-4.484529793262481689e-02 3.922281861305236816e-01 -2.254747301340103149e-01
-3.053452074527740479e-02 3.969349265098571777e-01 -2.445125877857208252e-01
-3.890035301446914673e-02 3.941325545310974121e-01 -2.336095869541168213e-01
-1.293635368347167969e-02 4.025272130966186523e-01 -2.687925100326538086e-01
-2.055945992469787598e-02 4.002035856246948242e-01 -2.578361034393310547e-01
-1.662768423557281494e-03 4.062345027923583984e-01 -2.837921380996704102e-01
1.946076750755310059e-03 4.064524769783020020e-01 -2.882103323936462402e-01
-7.889129221439361572e-03 4.043372273445129395e-01 -2.748406827449798584e-01
2.627831697463989258e-02 4.104920029640197754e-01 -3.213529586791992188e-01
6.342269480228424072e-02 4.167117476463317871e-01 -3.711033463478088379e-01
1.818412542343139648e-02 4.081677794456481934e-01 -3.112216293811798096e-01
1.812900602817535400e-02 4.083864688873291016e-01 -3.104870319366455078e-01
-4.218935966491699219e-03 4.052528738975524902e-01 -2.810173630714416504e-01
4.073162376880645752e-02 4.139972329139709473e-01 -3.399184346199035645e-01
3.894568979740142822e-02 4.099488258361816406e-01 -3.390438556671142578e-01
6.676459312438964844e-02 4.187986254692077637e-01 -3.753382563591003418e-01
6.967045366764068604e-02 4.188713431358337402e-01 -3.795363306999206543e-01
7.656118273735046387e-02 4.210298657417297363e-01 -3.885703682899475098e-01
6.950233876705169678e-02 4.200516939163208008e-01 -3.787716925144195557e-01
6.216861307621002197e-02 4.183797836303710938e-01 -3.691332936286926270e-01
5.405335128307342529e-02 4.143373370170593262e-01 -3.589988350868225098e-01
4.046823084354400635e-02 4.134812951087951660e-01 -3.408699333667755127e-01
9.810431301593780518e-02 4.306401610374450684e-01 -4.169520139694213867e-01
1.851278990507125854e-01 4.461154937744140625e-01 -5.360970497131347656e-01
1.311669498682022095e-01 4.360966682434082031e-01 -4.624473452568054199e-01
1.566246896982192993e-01 4.446300864219665527e-01 -4.959734678268432617e-01
1.351954489946365356e-01 4.388280510902404785e-01 -4.670642018318176270e-01
1.614913791418075562e-01 4.445093274116516113e-01 -5.029687285423278809e-01
2.118503898382186890e-01 4.562880992889404297e-01 -5.710915923118591309e-01
2.516888380050659180e-01 4.729113578796386719e-01 -6.246701478958129883e-01
1.424180120229721069e-01 4.476143717765808105e-01 -4.764007925987243652e-01
2.377216368913650513e-01 4.705718159675598145e-01 -6.055808067321777344e-01
2.850201129913330078e-01 4.855366349220275879e-01 -6.694267392158508301e-01
2.652932405471801758e-01 4.778505563735961914e-01 -6.429858803749084473e-01
3.239551782608032227e-01 4.932686090469360352e-01 -7.219267487525939941e-01
3.295171856880187988e-01 4.930111169815063477e-01 -7.296208739280700684e-01
3.652680516242980957e-01 5.022786259651184082e-01 -7.779006361961364746e-01
3.371428847312927246e-01 4.951553940773010254e-01 -7.399698495864868164e-01
3.307220339775085449e-01 4.945794343948364258e-01 -7.312310934066772461e-01
2.901332974433898926e-01 4.858452081680297852e-01 -6.764594316482543945e-01
3.641242384910583496e-01 5.096275806427001953e-01 -7.760213017463684082e-01
3.498347401618957520e-01 5.032697319984436035e-01 -7.568163871765136719e-01
3.276221752166748047e-01 4.916619062423706055e-01 -7.268067002296447754e-01
3.639458417892456055e-01 4.975947141647338867e-01 -7.761129736900329590e-01
3.630860447883605957e-01 5.064514875411987305e-01 -7.743633985519409180e-01
3.762455582618713379e-01 5.023116469383239746e-01 -7.923917770385742188e-01
4.015700817108154297e-01 5.066782832145690918e-01 -8.268756270408630371e-01
4.140204191207885742e-01 5.130519866943359375e-01 -8.437324166297912598e-01
4.553208947181701660e-01 5.091763734817504883e-01 -9.010507464408874512e-01
4.357522726058959961e-01 5.114490985870361328e-01 -8.735794425010681152e-01
4.497451782226562500e-01 4.617835879325866699e-01 -9.003061652183532715e-01
4.508240222930908203e-01 5.150803923606872559e-01 -8.936982154846191406e-01
4.878408908843994141e-01 -2.292102873325347900e-01 -1.048148036003112793e+00
4.647685289382934570e-01 -8.400330692529678345e-02 -9.964354634284973145e-01
4.989287853240966797e-01 3.372904062271118164e-01 -9.853471517562866211e-01
4.963645935058593750e-01 -1.979038417339324951e-01 -1.055759906768798828e+00
4.974406957626342773e-01 2.746441960334777832e-01 -9.923512339591979980e-01
4.385811090469360352e-01 4.408302903175354004e-01 -8.877750635147094727e-01
4.638565182685852051e-01 5.110324621200561523e-01 -9.128330945968627930e-01
5.084685087203979492e-01 -2.265679836273193359e-02 -1.048327922821044922e+00
5.043312311172485352e-01 4.886639118194580078e-02 -1.032690763473510742e+00
4.809495210647583008e-01 -2.138821780681610107e-01 -1.036654353141784668e+00
5.097221136093139648e-01 -1.833818405866622925e-01 -1.072437167167663574e+00
4.794774055480957031e-01 -1.647674888372421265e-01 -1.027968406677246094e+00
3.461473584175109863e-01 -2.678823173046112061e-01 -8.586926460266113281e-01
3.929345011711120605e-01 9.066233038902282715e-02 -8.742632269859313965e-01
3.996277451515197754e-01 -2.457502782344818115e-01 -9.303402900695800781e-01
3.964364528656005859e-01 -2.485407441854476929e-01 -9.257024526596069336e-01
4.291663765907287598e-01 -2.462657392024993896e-01 -9.703531265258789062e-01
5.481030344963073730e-01 -1.892913877964019775e-01 -1.126195430755615234e+00
6.001283526420593262e-01 -1.072529256343841553e-01 -1.187943816184997559e+00
5.942203402519226074e-01 -1.707863956689834595e-01 -1.187491536140441895e+00
5.871988534927368164e-01 -2.154013067483901978e-01 -1.183216214179992676e+00
6.419060826301574707e-01 -2.058233618736267090e-01 -1.257426619529724121e+00
5.888261198997497559e-01 -2.129591852426528931e-01 -1.185162544250488281e+00
5.729662179946899414e-01 -2.259900867938995361e-01 -1.164889335632324219e+00
5.737345218658447266e-01 -2.194764614105224609e-01 -1.165159702301025391e+00
5.657372474670410156e-01 -2.218439877033233643e-01 -1.154428362846374512e+00
5.396808981895446777e-01 -2.304001003503799438e-01 -1.119566321372985840e+00
5.336679220199584961e-01 -2.275160849094390869e-01 -1.110933303833007812e+00
4.943043589591979980e-01 -2.248743921518325806e-01 -1.056383132934570312e+00
4.959208369255065918e-01 -2.286952733993530273e-01 -1.059072375297546387e+00
5.073378086090087891e-01 -2.328769266605377197e-01 -1.075307369232177734e+00
5.083099007606506348e-01 -2.378488183021545410e-01 -1.077248096466064453e+00
4.977262020111083984e-01 -2.334794551134109497e-01 -1.062138438224792480e+00
4.997252225875854492e-01 -2.305444478988647461e-01 -1.064537405967712402e+00
5.124429464340209961e-01 -2.312593609094619751e-01 -1.082144856452941895e+00
4.913316965103149414e-01 -2.329957336187362671e-01 -1.053270339965820312e+00
4.608327150344848633e-01 -2.415940612554550171e-01 -1.012292623519897461e+00
4.974125027656555176e-01 -2.292436808347702026e-01 -1.061193823814392090e+00
4.824123978614807129e-01 1.162599027156829834e-01 -9.930089712142944336e-01
4.607032537460327148e-01 -1.178186535835266113e-01 -9.952414631843566895e-01
4.723003506660461426e-01 1.722443401813507080e-01 -9.713770747184753418e-01
4.677504897117614746e-01 5.071022510528564453e-01 -9.183922410011291504e-01
3.813408613204956055e-01 2.635840475559234619e-01 -8.333843350410461426e-01
4.271215200424194336e-01 5.049205422401428223e-01 -8.632038831710815430e-01
4.687015414237976074e-01 -2.384450435638427734e-01 -1.022752404212951660e+00
4.792134165763854980e-01 3.871759772300720215e-01 -9.507099986076354980e-01
4.639737010002136230e-01 -2.419530898332595825e-01 -1.016663432121276855e+00
4.672229290008544922e-01 -2.394526898860931396e-01 -1.020837306976318359e+00
5.026053786277770996e-01 5.128437280654907227e-01 -9.660401940345764160e-01
5.106610655784606934e-01 4.122199416160583496e-01 -9.918419718742370605e-01
4.509297013282775879e-01 -2.400964498519897461e-01 -9.984682202339172363e-01
4.938874840736389160e-01 -1.798938363790512085e-01 -1.049988627433776855e+00
4.671294093132019043e-01 -2.390675693750381470e-01 -1.020661830902099609e+00
4.824121594429016113e-01 -2.304828017950057983e-01 -1.040678024291992188e+00
4.366142153739929199e-01 -2.453388720750808716e-01 -9.802852869033813477e-01
4.829674959182739258e-01 -2.345380932092666626e-01 -1.041933655738830566e+00
4.852091670036315918e-01 -2.369064092636108398e-01 -1.045308589935302734e+00
4.581914544105529785e-01 -2.380967885255813599e-01 -1.008230686187744141e+00
4.585032463073730469e-01 -2.514241635799407959e-01 -1.010272741317749023e+00
4.586698412895202637e-01 -2.413712143898010254e-01 -1.009285926818847656e+00
4.398970007896423340e-01 -2.396905720233917236e-01 -9.832194447517395020e-01
4.676364660263061523e-01 -2.417165040969848633e-01 -1.021680951118469238e+00
4.267846345901489258e-01 -2.512642145156860352e-01 -9.665551185607910156e-01
3.600478172302246094e-01 -2.643945217132568359e-01 -8.762015104293823242e-01
4.102057814598083496e-01 -2.512432038784027100e-01 -9.437121748924255371e-01
3.849337100982666016e-01 -2.591013610363006592e-01 -9.100624322891235352e-01
2.794235348701477051e-01 -2.909392416477203369e-01 -7.683646082878112793e-01
3.195075988769531250e-01 -2.836852073669433594e-01 -8.234785795211791992e-01
3.617385625839233398e-01 -2.686779499053955078e-01 -8.792300820350646973e-01
3.560842275619506836e-01 -2.685675024986267090e-01 -8.723636269569396973e-01
3.963144421577453613e-01 -2.584968209266662598e-01 -9.263855814933776855e-01
3.403024673461914062e-01 -2.787577807903289795e-01 -8.513237833976745605e-01
4.274643063545227051e-01 -2.460596263408660889e-01 -9.687011837959289551e-01
3.855265974998474121e-01 -2.635210156440734863e-01 -9.124627113342285156e-01
4.464282989501953125e-01 -2.358775883913040161e-01 -9.932153224945068359e-01
4.222573637962341309e-01 -2.513411641120910645e-01 -9.603273272514343262e-01
4.700984358787536621e-01 -2.359287738800048828e-01 -1.025113105773925781e+00
4.971290230751037598e-01 -2.158900350332260132e-01 -1.059497952461242676e+00
4.389691352844238281e-01 -2.485603094100952148e-01 -9.839783906936645508e-01
4.691455364227294922e-01 -2.515408098697662354e-01 -1.024948596954345703e+00
5.052655339241027832e-01 -2.306337803602218628e-01 -1.072180986404418945e+00
5.035477876663208008e-01 -2.220703363418579102e-01 -1.068778276443481445e+00
4.988645315170288086e-01 -2.331019341945648193e-01 -1.063661098480224609e+00
4.925750494003295898e-01 -2.227957248687744141e-01 -1.053749203681945801e+00
4.694852232933044434e-01 -2.316167503595352173e-01 -1.023005962371826172e+00
4.560223221778869629e-01 -2.352789342403411865e-01 -1.005490541458129883e+00
4.395454525947570801e-01 -2.596636712551116943e-01 -9.854950904846191406e-01
4.072836041450500488e-01 -2.603455781936645508e-01 -9.418581724166870117e-01
4.658821821212768555e-01 -2.407726645469665527e-01 -1.019149899482727051e+00
3.935077190399169922e-01 -2.722177207469940186e-01 -9.236209988594055176e-01
4.038947820663452148e-01 -2.635099887847900391e-01 -9.374176859855651855e-01
5.335045456886291504e-01 -1.902340799570083618e-01 -1.106197357177734375e+00
4.237155318260192871e-01 -2.345484793186187744e-01 -9.603044390678405762e-01
4.605159163475036621e-01 -2.094942927360534668e-01 -1.007972359657287598e+00
4.385002255439758301e-01 -2.472102940082550049e-01 -9.823909997940063477e-01
4.013426899909973145e-01 -1.862864345312118530e-01 -9.242520928382873535e-01
3.671450018882751465e-01 -2.705465555191040039e-01 -8.878551721572875977e-01
4.601640701293945312e-01 -2.475868463516235352e-01 -1.012918233871459961e+00
3.890545368194580078e-01 -2.677881419658660889e-01 -9.181167483329772949e-01
2.726728916168212891e-01 -2.793965935707092285e-01 -7.596204876899719238e-01
3.932979702949523926e-01 -2.259406745433807373e-01 -9.189375042915344238e-01
3.541753888130187988e-01 -2.407154440879821777e-01 -8.664690852165222168e-01
3.223273754119873047e-01 -2.678156793117523193e-01 -8.261708021163940430e-01
4.412024617195129395e-01 -2.434463202953338623e-01 -9.864221811294555664e-01
3.676407933235168457e-01 -2.727980613708496094e-01 -8.889691829681396484e-01
3.966969847679138184e-01 -2.627520263195037842e-01 -9.276102781295776367e-01
4.668204784393310547e-01 -2.409946024417877197e-01 -1.020469427108764648e+00
4.635254144668579102e-01 -2.421121299266815186e-01 -1.016065001487731934e+00
4.512754678726196289e-01 -2.407204508781433105e-01 -9.990200400352478027e-01
4.797562360763549805e-01 -2.303714603185653687e-01 -1.037127494812011719e+00
3.300471305847167969e-01 -2.799777090549468994e-01 -8.379114866256713867e-01
3.858735561370849609e-01 -2.670408487319946289e-01 -9.121014475822448730e-01
3.988696932792663574e-01 -2.671732306480407715e-01 -9.300220608711242676e-01
3.581918478012084961e-01 -2.772016525268554688e-01 -8.751941323280334473e-01
3.143497705459594727e-01 -2.871158123016357422e-01 -8.171321153640747070e-01
3.485981822013854980e-01 -2.783343195915222168e-01 -8.626585602760314941e-01
3.390054702758789062e-01 -2.813579440116882324e-01 -8.492642045021057129e-01
3.282380700111389160e-01 -2.868539690971374512e-01 -8.350951075553894043e-01
3.391217589378356934e-01 -2.815034389495849609e-01 -8.494570255279541016e-01
3.024039268493652344e-01 -2.906329631805419922e-01 -8.000795841217041016e-01
2.613989710807800293e-01 -2.975288033485412598e-01 -7.452763915061950684e-01
2.784503102302551270e-01 -2.908918261528015137e-01 -7.681711912155151367e-01
2.592400908470153809e-01 -2.973592281341552734e-01 -7.422946095466613770e-01
2.228688746690750122e-01 -3.052666485309600830e-01 -6.933830380439758301e-01
2.615326642990112305e-01 -1.446366608142852783e-01 -7.252022027969360352e-01
2.913553714752197266e-01 -2.847396731376647949e-01 -7.849554419517517090e-01
2.653017044067382812e-01 -2.920667529106140137e-01 -7.500709891319274902e-01
2.499118596315383911e-01 -2.146590799093246460e-01 -7.185575962066650391e-01
2.747018933296203613e-01 -2.880377173423767090e-01 -7.625434398651123047e-01
2.849666476249694824e-01 1.354922056198120117e-01 -7.178667187690734863e-01
2.576920986175537109e-01 -1.956507712602615356e-01 -7.270198464393615723e-01
2.608833909034729004e-01 -2.938326597213745117e-01 -7.444277405738830566e-01
2.071116119623184204e-01 -3.074748516082763672e-01 -6.719491481781005859e-01
1.965807229280471802e-01 -3.053374290466308594e-01 -6.579164266586303711e-01
2.379513531923294067e-01 -2.976879477500915527e-01 -7.132948637008666992e-01
2.157104462385177612e-01 -3.018002808094024658e-01 -6.830735802650451660e-01
1.954259127378463745e-01 -3.067972660064697266e-01 -6.560981869697570801e-01
1.805814057588577271e-01 -3.089837431907653809e-01 -6.361318230628967285e-01
1.614186316728591919e-01 -3.137505054473876953e-01 -6.102617979049682617e-01
1.589312106370925903e-01 -3.148202300071716309e-01 -6.073662638664245605e-01
1.482641547918319702e-01 -3.181300759315490723e-01 -5.924691557884216309e-01
1.732878535985946655e-01 -3.184539675712585449e-01 -6.260872483253479004e-01
1.430861800909042358e-01 -3.236605823040008545e-01 -5.851616859436035156e-01
1.231784969568252563e-01 -3.275477290153503418e-01 -5.578719377517700195e-01
9.729239344596862793e-02 -3.310321271419525146e-01 -5.235063433647155762e-01
1.095612347126007080e-01 -3.300570249557495117e-01 -5.394582152366638184e-01
1.005349606275558472e-01 -3.339518308639526367e-01 -5.276699662208557129e-01
9.788808226585388184e-02 -3.367958366870880127e-01 -5.237881541252136230e-01
7.134553790092468262e-02 -3.386542201042175293e-01 -4.880821704864501953e-01
7.612000405788421631e-02 -3.362921774387359619e-01 -4.942032098770141602e-01
3.048381209373474121e-02 -3.472456336021423340e-01 -4.339663982391357422e-01
2.957758307456970215e-02 -3.455651998519897461e-01 -4.324877560138702393e-01
4.736073315143585205e-03 -3.466318845748901367e-01 -3.989700078964233398e-01
-3.371573984622955322e-02 -3.512223362922668457e-01 -3.475257754325866699e-01
-5.821960419416427612e-02 -3.500190377235412598e-01 -3.141279816627502441e-01
-6.422552466392517090e-02 -3.523988723754882812e-01 -3.063401579856872559e-01
-9.412270039319992065e-02 -3.276989161968231201e-01 -2.621341943740844727e-01
-1.090836897492408752e-01 -3.072753548622131348e-01 -2.388128936290740967e-01
-1.222645714879035950e-01 -1.714153587818145752e-01 -2.014996707439422607e-01
-1.177814304828643799e-01 -1.137014329433441162e-01 -1.992067545652389526e-01
-1.136485785245895386e-01 -1.508724838495254517e-01 -2.101653516292572021e-01
-1.214715763926506042e-01 -1.475918292999267578e-02 -1.800460964441299438e-01
-1.285560131072998047e-01 3.206240832805633545e-01 -1.227436140179634094e-01
-1.381160467863082886e-01 3.052376806735992432e-01 -1.119483113288879395e-01
-1.398432552814483643e-01 2.594866156578063965e-01 -1.160253137350082397e-01
-1.331092715263366699e-01 3.339645266532897949e-01 -1.137112677097320557e-01
-1.227921694517135620e-01 3.651607632637023926e-01 -1.236074790358543396e-01
-1.365965306758880615e-01 3.105065226554870605e-01 -1.092968806624412537e-01
-1.326263695955276489e-01 3.289490044116973877e-01 -1.146225184202194214e-01
-1.294162869453430176e-01 3.609192967414855957e-01 -1.138505861163139343e-01
-1.367415636777877808e-01 3.615286350250244141e-01 -1.055098176002502441e-01
-1.242767050862312317e-01 3.277962505817413330e-01 -1.276545226573944092e-01
-1.111270785331726074e-01 1.930313110351562500e-01 -1.649456024169921875e-01
-1.026111543178558350e-01 3.445695042610168457e-01 -1.551494896411895752e-01
-8.253064751625061035e-02 3.693785667419433594e-01 -1.794905364513397217e-01
-8.045424520969390869e-02 2.592907249927520752e-01 -1.982957720756530762e-01
-7.217191159725189209e-02 3.826844096183776855e-01 -1.895810365676879883e-01
-7.250384986400604248e-02 3.778186440467834473e-01 -1.911303699016571045e-01
-7.393717765808105469e-02 3.831958770751953125e-01 -1.843942999839782715e-01
-6.309914588928222656e-02 3.868188858032226562e-01 -1.985526084899902344e-01
-4.179625958204269409e-02 3.933116197586059570e-01 -2.291731089353561401e-01
-1.742794364690780640e-02 4.012130498886108398e-01 -2.620929181575775146e-01
3.097690641880035400e-03 4.076296687126159668e-01 -2.888520658016204834e-01
8.602447807788848877e-03 4.075443148612976074e-01 -2.968267202377319336e-01
3.797836601734161377e-03 4.074574708938598633e-01 -2.900680899620056152e-01
9.263820946216583252e-03 4.073786139488220215e-01 -2.979792058467864990e-01
3.836667537689208984e-02 4.139511585235595703e-01 -3.362787961959838867e-01
1.815192401409149170e-02 4.093015193939208984e-01 -3.099997639656066895e-01
3.862996399402618408e-02 4.137906432151794434e-01 -3.371949195861816406e-01
5.797240138053894043e-02 4.168136715888977051e-01 -3.629582226276397705e-01
5.454239249229431152e-02 4.156937599182128906e-01 -3.590485453605651855e-01
4.555563628673553467e-02 4.148517847061157227e-01 -3.466790914535522461e-01
3.990636765956878662e-02 4.133196473121643066e-01 -3.398816585540771484e-01
6.994147598743438721e-02 4.181021451950073242e-01 -3.804176747798919678e-01
6.655593216419219971e-02 4.188395738601684570e-01 -3.754327297210693359e-01
8.550171554088592529e-02 4.235064983367919922e-01 -4.008210301399230957e-01
1.260774582624435425e-01 4.329528212547302246e-01 -4.557426571846008301e-01
2.089379578828811646e-01 4.528771042823791504e-01 -5.683965086936950684e-01
1.726896017789840698e-01 4.458333849906921387e-01 -5.191550850868225098e-01
1.987880021333694458e-01 4.529391527175903320e-01 -5.538424253463745117e-01
1.505137830972671509e-01 4.428569078445434570e-01 -4.880981445312500000e-01
1.904101818799972534e-01 4.533472061157226562e-01 -5.423627495765686035e-01
1.927972286939620972e-01 4.578678011894226074e-01 -5.451894998550415039e-01
2.251378446817398071e-01 4.669122099876403809e-01 -5.887989997863769531e-01
2.341734319925308228e-01 4.691238999366760254e-01 -6.016954183578491211e-01
2.938695549964904785e-01 4.867523312568664551e-01 -6.817002296447753906e-01
2.636110782623291016e-01 4.798505306243896484e-01 -6.410086750984191895e-01
2.838550209999084473e-01 4.859803915023803711e-01 -6.680240631103515625e-01
2.545812129974365234e-01 4.766532778739929199e-01 -6.282566189765930176e-01
2.777860164642333984e-01 4.843481183052062988e-01 -6.594367027282714844e-01
2.895500659942626953e-01 4.899339675903320312e-01 -6.751146316528320312e-01
3.108795285224914551e-01 4.943034648895263672e-01 -7.039532661437988281e-01
3.085595965385437012e-01 4.958345890045166016e-01 -7.006038427352905273e-01
3.085988759994506836e-01 4.911139011383056641e-01 -7.011480927467346191e-01
3.070862293243408203e-01 4.881035089492797852e-01 -6.994231343269348145e-01
3.397390842437744141e-01 5.031852126121520996e-01 -7.427167892456054688e-01
3.274143934249877930e-01 4.978226423263549805e-01 -7.263885140419006348e-01
3.110308051109313965e-01 4.946421384811401367e-01 -7.040798664093017578e-01
3.359996676445007324e-01 5.014937520027160645e-01 -7.377163767814636230e-01
3.355553150177001953e-01 4.978176951408386230e-01 -7.375287413597106934e-01
3.616926074028015137e-01 4.977498650550842285e-01 -7.729635834693908691e-01
3.610623478889465332e-01 5.025871992111206055e-01 -7.716602683067321777e-01
3.733939528465270996e-01 5.030686259269714355e-01 -7.883282303810119629e-01
3.449001312255859375e-01 4.897381067276000977e-01 -7.509428858757019043e-01
3.684102296829223633e-01 5.052583813667297363e-01 -7.823053002357482910e-01
4.382614493370056152e-01 5.167258381843566895e-01 -8.766700625419616699e-01
4.060929417610168457e-01 5.088636279106140137e-01 -8.332155346870422363e-01
3.959089517593383789e-01 3.500369191169738770e-01 -8.414948582649230957e-01
3.828463554382324219e-01 4.798582792282104492e-01 -8.044654130935668945e-01
4.340486526489257812e-01 5.022231340408325195e-01 -8.723050951957702637e-01
4.610639214515686035e-01 5.139957070350646973e-01 -9.086952209472656250e-01
4.157159328460693359e-01 5.025906562805175781e-01 -8.473162055015563965e-01
4.438017606735229492e-01 5.040187835693359375e-01 -8.859468102455139160e-01
4.657978415489196777e-01 3.137960731983184814e-01 -9.430829286575317383e-01
4.785991311073303223e-01 5.082530975341796875e-01 -9.328886866569519043e-01
4.629234671592712402e-01 5.197555422782897949e-01 -9.110675454139709473e-01
4.714347720146179199e-01 4.848190546035766602e-01 -9.271441698074340820e-01
4.500660300254821777e-01 3.932061791419982910e-02 -9.590948820114135742e-01
4.108400344848632812e-01 3.863646984100341797e-01 -8.567745089530944824e-01
4.207380414009094238e-01 5.025832653045654297e-01 -8.543090224266052246e-01
4.178352355957031250e-01 5.014868378639221191e-01 -8.499962687492370605e-01
4.670165181159973145e-01 4.933062791824340820e-01 -9.198436737060546875e-01
4.919170141220092773e-01 5.178388953208923340e-01 -9.503319859504699707e-01
5.013499855995178223e-01 2.656995356082916260e-01 -9.992712736129760742e-01
4.638344645500183105e-01 -1.159839481115341187e-01 -1.000142097473144531e+00
4.682720899581909180e-01 -2.116013467311859131e-01 -1.019178986549377441e+00
4.999723434448242188e-01 -1.906073540449142456e-01 -1.060045719146728516e+00
5.271819233894348145e-01 -1.832946985960006714e-01 -1.096647143363952637e+00
4.955949187278747559e-01 -2.219424694776535034e-01 -1.057806253433227539e+00
5.031887292861938477e-01 -2.031288743019104004e-01 -1.065991878509521484e+00
4.972124695777893066e-01 -2.336377948522567749e-01 -1.061449885368347168e+00
4.740390181541442871e-01 -2.392751574516296387e-01 -1.030206203460693359e+00
4.796564579010009766e-01 -2.399935722351074219e-01 -1.038032293319702148e+00
4.759666919708251953e-01 -2.392994165420532227e-01 -1.032864809036254883e+00
4.736626744270324707e-01 -2.389066219329833984e-01 -1.029643177986145020e+00
4.589986801147460938e-01 -2.400883734226226807e-01 -1.009636640548706055e+00
4.068384170532226562e-01 -2.584720849990844727e-01 -9.399476051330566406e-01
4.045231342315673828e-01 -2.586224079132080078e-01 -9.367761015892028809e-01
3.848708271980285645e-01 -2.589258253574371338e-01 -9.097381234169006348e-01
4.051631689071655273e-01 -2.630066275596618652e-01 -9.381883740425109863e-01
3.950601816177368164e-01 -2.565513849258422852e-01 -9.235354065895080566e-01
3.883759975433349609e-01 -2.589218616485595703e-01 -9.150417447090148926e-01
3.951639533042907715e-01 -2.524772286415100098e-01 -9.231385588645935059e-01
3.794810771942138672e-01 -2.680853903293609619e-01 -9.035495519638061523e-01
3.899517059326171875e-01 -2.545961737632751465e-01 -9.167218804359436035e-01
3.498308658599853516e-01 -2.704266607761383057e-01 -8.633925318717956543e-01
3.285989165306091309e-01 -2.755980491638183594e-01 -8.359688520431518555e-01
3.799520134925842285e-01 -2.670358717441558838e-01 -9.046244025230407715e-01
3.805516362190246582e-01 -2.543067336082458496e-01 -9.035999774932861328e-01
3.705788850784301758e-01 -2.636321485042572021e-01 -8.909914493560791016e-01
3.672859668731689453e-01 -2.674673199653625488e-01 -8.872993588447570801e-01
4.061609506607055664e-01 -6.251770257949829102e-02 -9.139980077743530273e-01
4.097387194633483887e-01 -2.533071339130401611e-01 -9.442740082740783691e-01
3.313175439834594727e-01 -2.683103084564208984e-01 -8.377669453620910645e-01
3.780536055564880371e-01 -2.566051781177520752e-01 -9.006806612014770508e-01
3.698274493217468262e-01 -2.636650204658508301e-01 -8.900685906410217285e-01
4.137194156646728516e-01 -2.493626028299331665e-01 -9.485214352607727051e-01
4.235630035400390625e-01 -2.550298571586608887e-01 -9.625723361968994141e-01
3.765534162521362305e-01 -2.737167775630950928e-01 -9.000689387321472168e-01
3.695256114006042480e-01 -2.693917453289031982e-01 -8.898635506629943848e-01
3.781418800354003906e-01 -2.643161416053771973e-01 -9.013979434967041016e-01
3.569868206977844238e-01 -2.727538347244262695e-01 -8.729957938194274902e-01
3.462917208671569824e-01 -2.820007801055908203e-01 -8.595255017280578613e-01
3.707976937294006348e-01 -2.685670852661132812e-01 -8.915162682533264160e-01
3.104792237281799316e-01 -2.809425294399261475e-01 -8.099138140678405762e-01
3.030593395233154297e-01 -2.884302735328674316e-01 -8.005975484848022461e-01
2.839012742042541504e-01 -2.910094857215881348e-01 -7.745158076286315918e-01
3.248927593231201172e-01 -2.843256890773773193e-01 -8.301804661750793457e-01
3.208585977554321289e-01 -2.839935719966888428e-01 -8.245825171470642090e-01
3.151488304138183594e-01 -2.943493723869323730e-01 -8.179692029953002930e-01
3.063760995864868164e-01 -3.045101761817932129e-01 -8.071125149726867676e-01
3.314225077629089355e-01 -3.001480698585510254e-01 -8.410907983779907227e-01
2.804526686668395996e-01 -2.968224287033081055e-01 -7.710610032081604004e-01
2.395068854093551636e-01 -2.983949780464172363e-01 -7.156835794448852539e-01
2.711811065673828125e-01 -2.938873171806335449e-01 -7.581556439399719238e-01
2.517566084861755371e-01 -2.996585965156555176e-01 -7.321329116821289062e-01
2.905476093292236328e-01 -2.727903127670288086e-01 -7.824077010154724121e-01
2.794049978256225586e-01 -2.872866988182067871e-01 -7.680962681770324707e-01
2.809698581695556641e-01 -2.985532283782958984e-01 -7.713900208473205566e-01
2.649829983711242676e-01 -3.166322112083435059e-01 -7.515525817871093750e-01
2.288018018007278442e-01 -3.198934793472290039e-01 -7.021008729934692383e-01
2.102059274911880493e-01 -3.233155906200408936e-01 -6.768956780433654785e-01
1.902563124895095825e-01 -3.214133679866790771e-01 -6.491812467575073242e-01
1.700074523687362671e-01 -3.176258206367492676e-01 -6.213492155075073242e-01
1.764692515134811401e-01 -3.159719407558441162e-01 -6.298105120658874512e-01
1.879614442586898804e-01 -3.121601343154907227e-01 -6.452955603599548340e-01
1.542787998914718628e-01 -3.190361857414245605e-01 -5.999121665954589844e-01
1.398135870695114136e-01 -3.232417106628417969e-01 -5.810103416442871094e-01
1.086802929639816284e-01 -3.311095237731933594e-01 -5.394786596298217773e-01
8.611975610256195068e-02 -3.351683020591735840e-01 -5.089391469955444336e-01
9.453874826431274414e-02 -3.338587880134582520e-01 -5.203719735145568848e-01
6.386390328407287598e-02 -3.374445140361785889e-01 -4.792687296867370605e-01
3.345857560634613037e-02 -3.456035256385803223e-01 -4.390089511871337891e-01
3.906762599945068359e-02 -3.431594669818878174e-01 -4.466257691383361816e-01
6.518623232841491699e-02 -3.399503231048583984e-01 -4.820420742034912109e-01
6.642965972423553467e-02 -3.384959697723388672e-01 -4.840779900550842285e-01
2.679616212844848633e-02 -3.234609663486480713e-01 -4.279382824897766113e-01
-2.980615943670272827e-02 6.439818441867828369e-02 -2.955366969108581543e-01
-1.339873224496841431e-01 3.085432648658752441e-01 -1.172464266419410706e-01
-1.372281461954116821e-01 3.199098706245422363e-01 -1.108538508415222168e-01
-1.279461681842803955e-01 3.412141203880310059e-01 -1.206175088882446289e-01
-1.361502707004547119e-01 2.758286297321319580e-01 -1.187781095504760742e-01
-1.288265287876129150e-01 3.584517836570739746e-01 -1.166203171014785767e-01
3.825731575489044189e-03 2.650904357433319092e-01 -3.132050335407257080e-01
2.028510719537734985e-01 4.204054474830627441e-01 -5.665971040725708008e-01
7.811188697814941406e-03 3.694058954715728760e-02 -3.509347140789031982e-01
-9.637060016393661499e-02 5.221401154994964600e-02 -2.052285373210906982e-01
4.501590132713317871e-02 2.977411448955535889e-01 -3.653741478919982910e-01
3.098744153976440430e-01 2.825475633144378662e-01 -7.335745096206665039e-01
-1.105795800685882568e-01 6.406597793102264404e-02 -1.843201518058776855e-01
1.220206171274185181e-02 2.236175835132598877e-01 -3.310137689113616943e-01
-1.305372118949890137e-01 2.831877171993255615e-01 -1.253479421138763428e-01
-1.317447125911712646e-01 3.035386204719543457e-01 -1.212204918265342712e-01
-1.323256194591522217e-01 3.487575650215148926e-01 -1.136457175016403198e-01
-1.235316395759582520e-01 3.705976009368896484e-01 -1.223673224449157715e-01
-1.236593499779701233e-01 3.668368458747863770e-01 -1.219744831323623657e-01
-1.308887600898742676e-01 2.581162452697753906e-01 -1.271047294139862061e-01
-1.044021993875503540e-01 3.717178702354431152e-01 -1.484204679727554321e-01
-8.959413319826126099e-02 3.782147765159606934e-01 -1.662273108959197998e-01
-9.585839509963989258e-02 3.135270178318023682e-01 -1.678071916103363037e-01
-1.056974306702613831e-01 2.770595252513885498e-01 -1.600975543260574341e-01
-7.704377919435501099e-02 3.817348480224609375e-01 -1.828293204307556152e-01
-7.202990353107452393e-02 3.832479715347290039e-01 -1.894858479499816895e-01
-5.414447188377380371e-02 3.890498876571655273e-01 -2.136364579200744629e-01
-2.963967621326446533e-02 3.971385955810546875e-01 -2.461055368185043335e-01
-2.912204712629318237e-02 3.973138928413391113e-01 -2.467718422412872314e-01
-2.676115185022354126e-02 3.980717062950134277e-01 -2.499953657388687134e-01
-1.254236698150634766e-02 4.028258323669433594e-01 -2.685659527778625488e-01
-1.534109562635421753e-02 4.018267393112182617e-01 -2.650371789932250977e-01
-3.295190632343292236e-03 4.045452475547790527e-01 -2.812179327011108398e-01
3.264628350734710693e-03 4.066274762153625488e-01 -2.903437912464141846e-01
2.949421107769012451e-02 4.117513895034790039e-01 -3.256648778915405273e-01
-5.777642130851745605e-03 4.048485159873962402e-01 -2.784627079963684082e-01
-2.028705179691314697e-02 4.001462459564208984e-01 -2.594833672046661377e-01
-2.540785074234008789e-02 3.986465930938720703e-01 -2.526792883872985840e-01
1.851575076580047607e-02 4.088786244392395020e-01 -3.109230995178222656e-01
1.388229429721832275e-02 4.071529507637023926e-01 -3.048846721649169922e-01
-6.516590714454650879e-03 4.043838381767272949e-01 -2.775147557258605957e-01
3.239162266254425049e-02 4.159687161445617676e-01 -3.287103176116943359e-01
2.808579802513122559e-02 4.149615764617919922e-01 -3.231409788131713867e-01
-4.692035168409347534e-02 3.308508396148681641e-01 -2.328785359859466553e-01
5.209603905677795410e-02 4.163284897804260254e-01 -3.560866713523864746e-01
5.718201398849487305e-02 4.230296611785888672e-01 -3.615757822990417480e-01
1.649132519960403442e-01 4.548410177230834961e-01 -5.062391757965087891e-01
1.072109341621398926e-01 4.347499608993530273e-01 -4.295623302459716797e-01
2.346296459436416626e-01 4.611552357673645020e-01 -6.025234460830688477e-01
2.421164661645889282e-01 4.692014455795288086e-01 -6.121827960014343262e-01
2.597928643226623535e-01 4.721641540527343750e-01 -6.365208625793457031e-01
2.809389233589172363e-01 4.603842496871948242e-01 -6.673320531845092773e-01
2.178886383771896362e-01 4.640043973922729492e-01 -5.797107815742492676e-01
2.876827716827392578e-01 4.795173406600952148e-01 -6.741651892662048340e-01
2.369719296693801880e-01 4.660473465919494629e-01 -6.053599715232849121e-01
2.524180412292480469e-01 4.748070240020751953e-01 -6.256202459335327148e-01
3.230029940605163574e-01 4.870250225067138672e-01 -7.220249772071838379e-01
2.635620832443237305e-01 4.768763780593872070e-01 -6.410542130470275879e-01
2.847895622253417969e-01 4.805642962455749512e-01 -6.693744659423828125e-01
2.785270214080810547e-01 4.781747460365295410e-01 -6.613779067993164062e-01
3.036375641822814941e-01 4.927220344543457031e-01 -6.943771243095397949e-01
3.034229278564453125e-01 4.883561134338378906e-01 -6.941313743591308594e-01
3.023664951324462891e-01 4.908572435379028320e-01 -6.926717162132263184e-01
3.138601183891296387e-01 4.976736903190612793e-01 -7.078602313995361328e-01
3.127695918083190918e-01 4.953143596649169922e-01 -7.069594860076904297e-01
3.453575968742370605e-01 5.039681196212768555e-01 -7.502816915512084961e-01
2.898728847503662109e-01 4.880547523498535156e-01 -6.759413480758666992e-01
3.030138611793518066e-01 4.928771853446960449e-01 -6.937942504882812500e-01
3.675467967987060547e-01 5.071840286254882812e-01 -7.805512547492980957e-01
3.077180981636047363e-01 4.905357956886291504e-01 -7.000079154968261719e-01
3.292829394340515137e-01 4.930543303489685059e-01 -7.289782166481018066e-01
3.214312791824340820e-01 4.905312657356262207e-01 -7.186812162399291992e-01
2.729834318161010742e-01 4.793626666069030762e-01 -6.534067392349243164e-01
3.258864283561706543e-01 4.914668202400207520e-01 -7.246808409690856934e-01
2.960668802261352539e-01 4.868732094764709473e-01 -6.843396425247192383e-01
3.785774707794189453e-01 5.055494308471679688e-01 -7.963860034942626953e-01
3.976437449455261230e-01 5.111382603645324707e-01 -8.217182159423828125e-01
4.182844161987304688e-01 5.085861086845397949e-01 -8.500911593437194824e-01
4.469041824340820312e-01 5.071636438369750977e-01 -8.901457786560058594e-01
4.480738639831542969e-01 5.154346823692321777e-01 -8.904917240142822266e-01
4.517146944999694824e-01 5.144818425178527832e-01 -8.951889872550964355e-01
4.440853595733642578e-01 5.083165764808654785e-01 -8.864250183105468750e-01
5.216261148452758789e-01 4.956721067428588867e-01 -9.954465627670288086e-01
4.749249219894409180e-01 5.154510736465454102e-01 -9.271681904792785645e-01
5.416733622550964355e-01 -9.654912352561950684e-02 -1.104716539382934570e+00
4.340683221817016602e-01 -7.765650749206542969e-03 -9.439409971237182617e-01
4.909112453460693359e-01 5.026223063468933105e-01 -9.514990448951721191e-01
5.409341454505920410e-01 -1.817007958889007568e-01 -1.115400552749633789e+00
5.629061460494995117e-01 -1.756679862737655640e-01 -1.144852161407470703e+00
5.305933356285095215e-01 -1.999996602535247803e-01 -1.103368163108825684e+00
5.659219622611999512e-01 -2.056085020303726196e-01 -1.152718544006347656e+00
5.403587222099304199e-01 -1.972882449626922607e-01 -1.116493821144104004e+00
5.314986109733581543e-01 1.422391235828399658e-01 -1.057613492012023926e+00
5.453963875770568848e-01 1.519232094287872314e-01 -1.075349450111389160e+00
5.349891185760498047e-01 3.402237892150878906e-01 -1.034811019897460938e+00
5.480353832244873047e-01 -9.867471456527709961e-02 -1.113683462142944336e+00
5.427917838096618652e-01 2.391369044780731201e-01 -1.059733867645263672e+00
5.247915983200073242e-01 -4.569119215011596680e-02 -1.073955655097961426e+00
5.220803618431091309e-01 -2.127998024225234985e-01 -1.093188762664794922e+00
4.837074875831604004e-01 -2.346803247928619385e-01 -1.042970418930053711e+00
5.049535036087036133e-01 -2.313037365674972534e-01 -1.071832180023193359e+00
5.034685134887695312e-01 -2.357096672058105469e-01 -1.070319294929504395e+00
4.934489130973815918e-01 -2.373020052909851074e-01 -1.056708216667175293e+00
5.388441085815429688e-01 -2.094784975051879883e-01 -1.115882039070129395e+00
5.521270632743835449e-01 -1.835506260395050049e-01 -1.131044626235961914e+00
5.742784738540649414e-01 -1.640753000974655151e-01 -1.159206032752990723e+00
6.376419663429260254e-01 -3.872454166412353516e-03 -1.227117538452148438e+00
6.271429061889648438e-01 -1.672708690166473389e-01 -1.232423186302185059e+00
6.527774333953857422e-01 -1.949341893196105957e-01 -1.271086454391479492e+00
6.255666613578796387e-01 -2.038413733243942261e-01 -1.234676361083984375e+00
6.139413714408874512e-01 -2.107671499252319336e-01 -1.219498276710510254e+00
6.218696236610412598e-01 -2.163325846195220947e-01 -1.231094360351562500e+00
5.891133546829223633e-01 -2.172635495662689209e-01 -1.186079144477844238e+00
5.990580916404724121e-01 -2.205982059240341187e-01 -1.200183272361755371e+00
