-3.265044093132019043e-01 -8.014259934425354004e-01 1.230275630950927734e+00
-2.945539951324462891e-01 -7.442511320114135742e-01 1.253631472587585449e+00
-2.486653476953506470e-01 -6.584354043006896973e-01 1.301392316818237305e+00
-2.195122987031936646e-01 -6.008964180946350098e-01 1.340248584747314453e+00
-1.863096505403518677e-01 -5.375914573669433594e-01 1.366648912429809570e+00
-1.223347634077072144e-01 -4.181379377841949463e-01 1.405301332473754883e+00
-6.518711149692535400e-02 -3.136232197284698486e-01 1.429218649864196777e+00
5.705985426902770996e-02 -8.905296772718429565e-02 1.485215783119201660e+00
1.119361072778701782e-01 1.105283945798873901e-02 1.506948232650756836e+00
1.613534390926361084e-01 9.779652208089828491e-02 1.510035157203674316e+00
1.769933551549911499e-01 1.264648437500000000e-01 1.516896486282348633e+00
1.744316816329956055e-01 1.202280595898628235e-01 1.508309364318847656e+00
1.768928915262222290e-01 1.270290911197662354e-01 1.520476698875427246e+00
1.767511218786239624e-01 1.278253793716430664e-01 1.525528907775878906e+00
1.769567579030990601e-01 1.266703903675079346e-01 1.518200755119323730e+00
1.769095957279205322e-01 1.269352734088897705e-01 1.519881367683410645e+00
1.766941100358963013e-01 1.281455457210540771e-01 1.527560472488403320e+00
1.767455637454986572e-01 1.278565824031829834e-01 1.525726914405822754e+00
1.769916862249374390e-01 1.264742016792297363e-01 1.516955852508544922e+00
1.770381927490234375e-01 1.262130141258239746e-01 1.515298604965209961e+00
1.764530390501022339e-01 1.294995844364166260e-01 1.536151528358459473e+00
1.767492443323135376e-01 1.278359293937683105e-01 1.525595903396606445e+00
1.767563074827194214e-01 1.277962028980255127e-01 1.525343894958496094e+00
1.767511069774627686e-01 1.278254389762878418e-01 1.525529384613037109e+00
1.700757145881652832e-01 1.140778586268424988e-01 1.515281558036804199e+00
1.767814755439758301e-01 1.276548206806182861e-01 1.524446845054626465e+00
1.764969825744628906e-01 1.292527318000793457e-01 1.534585356712341309e+00
1.768024563789367676e-01 1.275370121002197266e-01 1.523699402809143066e+00
1.766311824321746826e-01 1.284990310668945312e-01 1.529803156852722168e+00
1.683208942413330078e-01 1.096725091338157654e-01 1.508755207061767578e+00
1.770328879356384277e-01 1.262427866458892822e-01 1.515487551689147949e+00
1.759088337421417236e-01 1.232109889388084412e-01 1.510290622711181641e+00
1.770716160535812378e-01 1.260252296924591064e-01 1.514107346534729004e+00
1.767867207527160645e-01 1.276253759860992432e-01 1.524259924888610840e+00
1.770525872707366943e-01 1.261321604251861572e-01 1.514785766601562500e+00
1.765285879373550415e-01 1.290751993656158447e-01 1.533458948135375977e+00
1.765881478786468506e-01 1.287406682968139648e-01 1.531336307525634766e+00
1.764003783464431763e-01 1.297953128814697266e-01 1.538028001785278320e+00
1.762445867061614990e-01 1.306703686714172363e-01 1.543580174446105957e+00
1.767355352640151978e-01 1.279128789901733398e-01 1.526084065437316895e+00
1.768688261508941650e-01 1.271642744541168213e-01 1.521334290504455566e+00
1.770612299442291260e-01 1.260836124420166016e-01 1.514477729797363281e+00
-7.410096526145935059e-01 -1.596922159194946289e+00 8.809027671813964844e-01
-7.411303520202636719e-01 -1.600361943244934082e+00 8.778952360153198242e-01
-7.405427098274230957e-01 -1.598500609397888184e+00 8.838942050933837891e-01
-7.405768036842346191e-01 -1.598671436309814453e+00 8.830453753471374512e-01
-7.414978146553039551e-01 -1.601227641105651855e+00 8.817078471183776855e-01
-7.405847907066345215e-01 -1.598127603530883789e+00 8.835803270339965820e-01
-7.408447861671447754e-01 -1.599098801612854004e+00 8.832861185073852539e-01
-7.411277294158935547e-01 -1.598389744758605957e+00 8.805809020996093750e-01
-7.413567900657653809e-01 -1.599441647529602051e+00 8.810771107673645020e-01
-7.408000826835632324e-01 -1.597816586494445801e+00 8.820434212684631348e-01
-7.405899167060852051e-01 -1.598586201667785645e+00 8.832153081893920898e-01
-7.407094836235046387e-01 -1.598367691040039062e+00 8.823906779289245605e-01
-7.410057187080383301e-01 -1.597811579704284668e+00 8.814687728881835938e-01
-7.415439486503601074e-01 -1.600366234779357910e+00 8.814550638198852539e-01
-7.415296435356140137e-01 -1.601917862892150879e+00 8.737175464630126953e-01
-7.415363788604736328e-01 -1.607120633125305176e+00 8.653086423873901367e-01
-7.386929392814636230e-01 -1.609467625617980957e+00 8.440763950347900391e-01
-7.298795580863952637e-01 -1.605746626853942871e+00 8.158221840858459473e-01
-7.215509414672851562e-01 -1.599336981773376465e+00 7.933810949325561523e-01
-7.171579599380493164e-01 -1.597331285476684570e+00 7.722132802009582520e-01
-7.124438881874084473e-01 -1.596281290054321289e+00 7.578458786010742188e-01
-7.098961472511291504e-01 -1.605027198791503906e+00 7.207050919532775879e-01
-7.036937475204467773e-01 -1.605742216110229492e+00 6.913851499557495117e-01
-6.986103653907775879e-01 -1.610206484794616699e+00 6.710091233253479004e-01
-6.938284039497375488e-01 -1.611966252326965332e+00 6.486951708793640137e-01
-6.930710077285766602e-01 -1.615438580513000488e+00 6.456763744354248047e-01
-6.913104653358459473e-01 -1.615267038345336914e+00 6.388784050941467285e-01
-6.895980238914489746e-01 -1.615030527114868164e+00 6.286977529525756836e-01
-6.904642581939697266e-01 -1.615767359733581543e+00 6.382601857185363770e-01
-6.895136237144470215e-01 -1.614312171936035156e+00 6.248664855957031250e-01
-6.889177560806274414e-01 -1.614973783493041992e+00 6.323171257972717285e-01
-6.888466477394104004e-01 -1.614918828010559082e+00 6.301596164703369141e-01
-6.910278797149658203e-01 -1.616742014884948730e+00 6.359544992446899414e-01
-6.891585588455200195e-01 -1.615386247634887695e+00 6.324790120124816895e-01
-6.874383091926574707e-01 -1.616332769393920898e+00 6.348901987075805664e-01
-6.832815408706665039e-01 -1.617452621459960938e+00 6.181574463844299316e-01
-6.708824038505554199e-01 -1.609556674957275391e+00 5.853519439697265625e-01
-6.582725048065185547e-01 -1.600809574127197266e+00 5.498676300048828125e-01
-6.502778530120849609e-01 -1.595452666282653809e+00 5.331553220748901367e-01
-6.409482359886169434e-01 -1.593213319778442383e+00 5.026225447654724121e-01
-6.327389478683471680e-01 -1.591863393783569336e+00 4.748970568180084229e-01
-6.190396547317504883e-01 -1.585654497146606445e+00 4.350486397743225098e-01
-6.100162267684936523e-01 -1.579356670379638672e+00 4.129316806793212891e-01
-5.999215245246887207e-01 -1.580802202224731445e+00 3.709054589271545410e-01
-5.997614264488220215e-01 -1.579574227333068848e+00 3.730560243129730225e-01
-5.903087854385375977e-01 -1.573719859123229980e+00 3.485849201679229736e-01
-5.897027254104614258e-01 -1.574611425399780273e+00 3.443252742290496826e-01
-5.912368297576904297e-01 -1.575700998306274414e+00 3.478531241416931152e-01
-5.887516140937805176e-01 -1.577029466629028320e+00 3.351763188838958740e-01
-5.923544168472290039e-01 -1.579460859298706055e+00 3.435686826705932617e-01
-5.928719639778137207e-01 -1.576773643493652344e+00 3.517907261848449707e-01
-5.909139513969421387e-01 -1.579884171485900879e+00 3.373790085315704346e-01
-5.903499722480773926e-01 -1.575395226478576660e+00 3.445306420326232910e-01
-5.921354293823242188e-01 -1.575769066810607910e+00 3.506547212600708008e-01
-5.894995331764221191e-01 -1.580560684204101562e+00 3.303088545799255371e-01
-5.814253687858581543e-01 -1.580361485481262207e+00 2.988944649696350098e-01
-5.657168626785278320e-01 -1.575258255004882812e+00 2.483835816383361816e-01
-5.495218038558959961e-01 -1.573039889335632324e+00 1.927141100168228149e-01
-5.209353566169738770e-01 -1.550904512405395508e+00 1.283809542655944824e-01
-4.927810430526733398e-01 -1.535582900047302246e+00 5.391414463520050049e-02
-4.591594338417053223e-01 -1.510225653648376465e+00 -1.632887125015258789e-02
-4.288102984428405762e-01 -1.487445235252380371e+00 -8.101302385330200195e-02
-3.906146883964538574e-01 -1.460171818733215332e+00 -1.680161058902740479e-01
-3.118690848350524902e-01 -1.394806146621704102e+00 -3.586286306381225586e-01
-2.186023741960525513e-01 -1.318453907966613770e+00 -5.641834735870361328e-01
-2.033159881830215454e-01 -1.317189335823059082e+00 -6.010211706161499023e-01
-1.419872790575027466e-01 -1.302027225494384766e+00 -6.869419813156127930e-01
-1.261338442564010620e-01 -1.303764104843139648e+00 -7.421131134033203125e-01
-1.485243588685989380e-01 -1.306226730346679688e+00 -6.777812838554382324e-01
-1.297466605901718140e-01 -1.304697155952453613e+00 -7.216756343841552734e-01
-1.299112886190414429e-01 -1.307395696640014648e+00 -7.275635004043579102e-01
-1.264161914587020874e-01 -1.297317385673522949e+00 -7.271128892898559570e-01
-1.321597248315811157e-01 -1.310257315635681152e+00 -7.144840955734252930e-01
-1.266065388917922974e-01 -1.297458529472351074e+00 -7.248131632804870605e-01
-1.366068869829177856e-01 -1.304277300834655762e+00 -6.952873468399047852e-01
-1.371149569749832153e-01 -1.307109475135803223e+00 -7.001463174819946289e-01
-1.365999728441238403e-01 -1.303191542625427246e+00 -6.966975331306457520e-01
-1.384720951318740845e-01 -1.301128983497619629e+00 -6.926107406616210938e-01
-1.293955594301223755e-01 -1.302352547645568848e+00 -7.192508578300476074e-01
-1.294669657945632935e-01 -1.302250027656555176e+00 -7.169864177703857422e-01
-1.550472229719161987e-01 -1.307521104812622070e+00 -6.680546402931213379e-01
-1.323393136262893677e-01 -1.304187655448913574e+00 -7.041404247283935547e-01
-1.276591569185256958e-01 -1.304987788200378418e+00 -7.379539012908935547e-01
-1.264875680208206177e-01 -1.301213979721069336e+00 -7.372910976409912109e-01
-1.310584694147109985e-01 -1.304041743278503418e+00 -7.101393938064575195e-01
-1.605353504419326782e-01 -1.306071639060974121e+00 -6.580264568328857422e-01
-1.268324404954910278e-01 -1.298183560371398926e+00 -7.268371582031250000e-01
-1.280792504549026489e-01 -1.299803495407104492e+00 -7.224061489105224609e-01
-1.278248876333236694e-01 -1.300905823707580566e+00 -7.253877520561218262e-01
-1.292085796594619751e-01 -1.302603363990783691e+00 -7.218675613403320312e-01
-1.371681243181228638e-01 -1.305816292762756348e+00 -6.972156763076782227e-01
-1.476178318262100220e-01 -1.305270552635192871e+00 -6.804218292236328125e-01
-1.320402175188064575e-01 -1.308917045593261719e+00 -7.136140465736389160e-01
-1.303053051233291626e-01 -1.301938414573669434e+00 -7.107216119766235352e-01
-1.250404864549636841e-01 -1.293876767158508301e+00 -7.269299626350402832e-01
-1.350185424089431763e-01 -1.305038809776306152e+00 -7.014216184616088867e-01
-1.322115808725357056e-01 -1.303832769393920898e+00 -7.064447402954101562e-01
-1.343963891267776489e-01 -1.298142194747924805e+00 -6.970334649085998535e-01
-1.255288869142532349e-01 -1.313856720924377441e+00 -7.600772380828857422e-01
-7.414807081222534180e-01 -1.599083542823791504e+00 8.800877928733825684e-01
-7.411045432090759277e-01 -1.597398757934570312e+00 8.809028863906860352e-01
-7.409435510635375977e-01 -1.597825169563293457e+00 8.814387917518615723e-01
-7.400951385498046875e-01 -1.596618771553039551e+00 8.836897015571594238e-01
-7.408451437950134277e-01 -1.598409295082092285e+00 8.821744918823242188e-01
-7.399329543113708496e-01 -1.595609903335571289e+00 8.832399249076843262e-01
-7.406947612762451172e-01 -1.597443103790283203e+00 8.824980258941650391e-01
-7.403898239135742188e-01 -1.597978353500366211e+00 8.842831850051879883e-01
-7.407372593879699707e-01 -1.598955631256103516e+00 8.834395408630371094e-01
-7.410472631454467773e-01 -1.597643613815307617e+00 8.812226057052612305e-01
-7.407519221305847168e-01 -1.596619129180908203e+00 8.812991380691528320e-01
-7.411296367645263672e-01 -1.596374392509460449e+00 8.796371221542358398e-01
-7.398791313171386719e-01 -1.597555518150329590e+00 8.857954740524291992e-01
-7.400477528572082520e-01 -1.597752213478088379e+00 8.856617212295532227e-01
-7.373176217079162598e-01 -1.591788411140441895e+00 8.878380060195922852e-01
-7.336823344230651855e-01 -1.585101127624511719e+00 8.914422988891601562e-01
-7.249304652214050293e-01 -1.572491884231567383e+00 8.908874988555908203e-01
-7.172211408615112305e-01 -1.561840057373046875e+00 8.914099335670471191e-01
-7.056354880332946777e-01 -1.542643666267395020e+00 8.938707113265991211e-01
-6.926888823509216309e-01 -1.521986722946166992e+00 8.941010236740112305e-01
-6.822656989097595215e-01 -1.504565000534057617e+00 8.940721750259399414e-01
-6.721065640449523926e-01 -1.489340901374816895e+00 8.920009136199951172e-01
-6.673270463943481445e-01 -1.480731606483459473e+00 8.871256113052368164e-01
-6.585107445716857910e-01 -1.467646837234497070e+00 8.934274315834045410e-01
-6.464691758155822754e-01 -1.445188164710998535e+00 8.948429822921752930e-01
-6.472055315971374512e-01 -1.446239709854125977e+00 8.997685909271240234e-01
-6.411001086235046387e-01 -1.435043692588806152e+00 8.986392021179199219e-01
-6.376283764839172363e-01 -1.427440047264099121e+00 9.021973609924316406e-01
-6.365452408790588379e-01 -1.424875736236572266e+00 9.021871089935302734e-01
-6.354023218154907227e-01 -1.424600958824157715e+00 9.006298780441284180e-01
-6.346209645271301270e-01 -1.423183441162109375e+00 8.983883261680603027e-01
-6.396499276161193848e-01 -1.431488156318664551e+00 9.015429019927978516e-01
-6.382465958595275879e-01 -1.428686141967773438e+00 9.021317362785339355e-01
-6.353043317794799805e-01 -1.424419283866882324e+00 9.007871747016906738e-01
-6.396791934967041016e-01 -1.424706339836120605e+00 9.117677211761474609e-01
-6.332213282585144043e-01 -1.409868240356445312e+00 9.216625690460205078e-01
-6.012844443321228027e-01 -1.341261625289916992e+00 9.681738615036010742e-01
-5.845057368278503418e-01 -1.303949594497680664e+00 9.950530529022216797e-01
-5.626466274261474609e-01 -1.256121277809143066e+00 1.027097344398498535e+00
-5.477651953697204590e-01 -1.221487164497375488e+00 1.058113813400268555e+00
-5.222691297531127930e-01 -1.168350458145141602e+00 1.083988189697265625e+00
-5.066133737564086914e-01 -1.134409785270690918e+00 1.105200886726379395e+00
-4.830885529518127441e-01 -1.085069775581359863e+00 1.131378889083862305e+00
-4.636103510856628418e-01 -1.043017387390136719e+00 1.163028717041015625e+00
-4.456284046173095703e-01 -1.008916735649108887e+00 1.174319028854370117e+00
-4.301179647445678711e-01 -9.798496365547180176e-01 1.182861089706420898e+00
-4.325020313262939453e-01 -9.842938780784606934e-01 1.180633068084716797e+00
-4.183620214462280273e-01 -9.577187299728393555e-01 1.188209056854248047e+00
-4.141452312469482422e-01 -9.485726952552795410e-01 1.197643995285034180e+00
-4.210683703422546387e-01 -9.623352289199829102e-01 1.189601063728332520e+00
-4.119113087654113770e-01 -9.447422027587890625e-01 1.196588754653930664e+00
-4.167317152023315430e-01 -9.538356661796569824e-01 1.194022059440612793e+00
-4.027828574180603027e-01 -9.275133609771728516e-01 1.203110814094543457e+00
-4.088188409805297852e-01 -9.383087754249572754e-01 1.201940894126892090e+00
-4.052829146385192871e-01 -9.325365424156188965e-01 1.200890183448791504e+00
-3.872155547142028809e-01 -9.023650288581848145e-01 1.204928517341613770e+00
-3.714454770088195801e-01 -8.764079809188842773e-01 1.210755825042724609e+00
-3.272748589515686035e-01 -8.029530048370361328e-01 1.229109764099121094e+00
-2.892068028450012207e-01 -7.338739037513732910e-01 1.261405944824218750e+00
-2.512678503990173340e-01 -6.637896895408630371e-01 1.295957803726196289e+00
-2.194875925779342651e-01 -6.009039282798767090e-01 1.340003371238708496e+00
-1.825755387544631958e-01 -5.308735370635986328e-01 1.367673039436340332e+00
-1.105001419782638550e-01 -3.981892764568328857e-01 1.402045488357543945e+00
-5.509056150913238525e-02 -2.944355309009552002e-01 1.436943054199218750e+00
4.163786768913269043e-02 -1.176052317023277283e-01 1.477077603340148926e+00
1.324287652969360352e-01 4.689634591341018677e-02 1.507609248161315918e+00
1.709968149662017822e-01 1.142948493361473083e-01 1.508560180664062500e+00
1.770865619182586670e-01 1.259413659572601318e-01 1.513575077056884766e+00
1.683902144432067871e-01 1.102285161614418030e-01 1.510862827301025391e+00
1.568749397993087769e-01 8.997804671525955200e-02 1.509962439537048340e+00
1.768040657043457031e-01 1.275279521942138672e-01 1.523641705513000488e+00
1.768144816160202026e-01 1.274695098400115967e-01 1.523271083831787109e+00
1.764657050371170044e-01 1.294284462928771973e-01 1.535700201988220215e+00
1.770013272762298584e-01 1.264200508594512939e-01 1.516612291336059570e+00
1.768723875284194946e-01 1.271442472934722900e-01 1.521207213401794434e+00
1.770114153623580933e-01 1.263633966445922852e-01 1.516252875328063965e+00
1.769840121269226074e-01 1.265172660350799561e-01 1.517229080200195312e+00
1.770322620868682861e-01 1.262463033199310303e-01 1.515509843826293945e+00
1.750178635120391846e-01 1.203323528170585632e-01 1.503868341445922852e+00
1.769447773694992065e-01 1.267376840114593506e-01 1.518627762794494629e+00
1.766245663166046143e-01 1.285361349582672119e-01 1.530038595199584961e+00
1.766593009233474731e-01 1.283410787582397461e-01 1.528801083564758301e+00
1.766034215688705444e-01 1.286549270153045654e-01 1.530792355537414551e+00
1.767222434282302856e-01 1.279875338077545166e-01 1.526557922363281250e+00
1.765696704387664795e-01 1.288445293903350830e-01 1.531995296478271484e+00
1.767457276582717896e-01 1.278556585311889648e-01 1.525720953941345215e+00
1.770623028278350830e-01 1.260775625705718994e-01 1.514439344406127930e+00
1.766017973423004150e-01 1.286640763282775879e-01 1.530850410461425781e+00
1.764660179615020752e-01 1.294266879558563232e-01 1.535689115524291992e+00
1.770892888307571411e-01 1.259259879589080811e-01 1.513477563858032227e+00
1.769142299890518188e-01 1.269092261791229248e-01 1.519716143608093262e+00
1.773833185434341431e-01 1.242745891213417053e-01 1.502999663352966309e+00
1.766176521778106689e-01 1.285750269889831543e-01 1.530285477638244629e+00
1.769828945398330688e-01 1.265235543251037598e-01 1.517269015312194824e+00
1.764555424451828003e-01 1.294854581356048584e-01 1.536062002182006836e+00
1.763153523206710815e-01 1.302728950977325439e-01 1.541058063507080078e+00
1.770621538162231445e-01 1.260784268379211426e-01 1.514444708824157715e+00
1.769661903381347656e-01 1.266174614429473877e-01 1.517864823341369629e+00
1.770328730344772339e-01 1.262428760528564453e-01 1.515488147735595703e+00
-7.413311600685119629e-01 -1.599131584167480469e+00 8.791109323501586914e-01
-7.412912249565124512e-01 -1.598412632942199707e+00 8.806834220886230469e-01
-7.411444187164306641e-01 -1.598562240600585938e+00 8.811004757881164551e-01
-7.408829331398010254e-01 -1.598187565803527832e+00 8.824001550674438477e-01
-7.412495017051696777e-01 -1.597135663032531738e+00 8.799903392791748047e-01
-7.411094307899475098e-01 -1.599839925765991211e+00 8.822183609008789062e-01
-7.401255965232849121e-01 -1.596983432769775391e+00 8.844386339187622070e-01
-7.406708002090454102e-01 -1.598392844200134277e+00 8.790303468704223633e-01
-7.402725815773010254e-01 -1.597002148628234863e+00 8.840321302413940430e-01
-7.405300736427307129e-01 -1.598416924476623535e+00 8.838940858840942383e-01
-7.408905625343322754e-01 -1.597962260246276855e+00 8.820890784263610840e-01
-7.413305044174194336e-01 -1.599395394325256348e+00 8.814025521278381348e-01
-7.410225868225097656e-01 -1.598882436752319336e+00 8.804874420166015625e-01
-7.414615154266357422e-01 -1.598135232925415039e+00 8.796308636665344238e-01
-7.417963743209838867e-01 -1.602897047996520996e+00 8.762525916099548340e-01
-7.417802214622497559e-01 -1.603961586952209473e+00 8.703165054321289062e-01
-7.381744980812072754e-01 -1.609986662864685059e+00 8.455085158348083496e-01
-7.302893996238708496e-01 -1.605792284011840820e+00 8.175522089004516602e-01
-7.215713858604431152e-01 -1.601835608482360840e+00 7.909603714942932129e-01
-7.169979214668273926e-01 -1.598096728324890137e+00 7.658166885375976562e-01
-7.135073542594909668e-01 -1.597633481025695801e+00 7.523814439773559570e-01
-7.108312845230102539e-01 -1.604239702224731445e+00 7.246431112289428711e-01
-7.025793790817260742e-01 -1.610706090927124023e+00 6.928448677062988281e-01
-6.987530589103698730e-01 -1.609807848930358887e+00 6.711219549179077148e-01
-6.956648826599121094e-01 -1.613536119461059570e+00 6.560561060905456543e-01
-6.925972104072570801e-01 -1.613838672637939453e+00 6.428138017654418945e-01
-6.911448240280151367e-01 -1.614962935447692871e+00 6.366816163063049316e-01
-6.907905340194702148e-01 -1.614420175552368164e+00 6.385387778282165527e-01
-6.888959407806396484e-01 -1.615120410919189453e+00 6.299169063568115234e-01
-6.904795765876770020e-01 -1.614236831665039062e+00 6.376467347145080566e-01
-6.892116665840148926e-01 -1.614544868469238281e+00 6.278862953186035156e-01
-6.901168227195739746e-01 -1.617063999176025391e+00 6.364406347274780273e-01
-6.895738244056701660e-01 -1.615070343017578125e+00 6.305002570152282715e-01
-6.877832412719726562e-01 -1.612357497215270996e+00 6.213524341583251953e-01
-6.870331764221191406e-01 -1.610727548599243164e+00 6.151024699211120605e-01
-6.834741830825805664e-01 -1.607117772102355957e+00 6.043054461479187012e-01
-6.774616837501525879e-01 -1.603244900703430176e+00 5.903587341308593750e-01
-6.683299541473388672e-01 -1.598160743713378906e+00 5.691437721252441406e-01
-6.587317585945129395e-01 -1.591873168945312500e+00 5.463844537734985352e-01
-6.427763700485229492e-01 -1.583212018013000488e+00 5.112188458442687988e-01
-6.348140835762023926e-01 -1.584188461303710938e+00 4.790924191474914551e-01
-6.205201148986816406e-01 -1.576267123222351074e+00 4.432437419891357422e-01
-6.109340786933898926e-01 -1.572433352470397949e+00 4.194301664829254150e-01
-5.967324376106262207e-01 -1.563555002212524414e+00 3.847061693668365479e-01
-5.903856754302978516e-01 -1.563237309455871582e+00 3.612108528614044189e-01
-5.905041098594665527e-01 -1.562129378318786621e+00 3.662173151969909668e-01
-5.861826539039611816e-01 -1.563459515571594238e+00 3.432816267013549805e-01
-5.847706198692321777e-01 -1.562775850296020508e+00 3.398082256317138672e-01
-5.830635428428649902e-01 -1.561824560165405273e+00 3.362524211406707764e-01
-5.847185850143432617e-01 -1.562283635139465332e+00 3.408747911453247070e-01
-5.844565033912658691e-01 -1.562129855155944824e+00 3.410520553588867188e-01
-5.817548632621765137e-01 -1.560746431350708008e+00 3.341230154037475586e-01
-5.829423666000366211e-01 -1.562432408332824707e+00 3.342056870460510254e-01
-5.813791155815124512e-01 -1.561726808547973633e+00 3.303652107715606689e-01
-5.800501108169555664e-01 -1.561423301696777344e+00 3.254308402538299561e-01
-5.716307759284973145e-01 -1.557554483413696289e+00 3.022558093070983887e-01
-5.645067691802978516e-01 -1.554957389831542969e+00 2.811404764652252197e-01
-5.394235253334045410e-01 -1.536076664924621582e+00 2.267964631319046021e-01
-5.174020528793334961e-01 -1.519821763038635254e+00 1.754738688468933105e-01
-4.938074946403503418e-01 -1.515538811683654785e+00 8.679176867008209229e-02
-4.664390087127685547e-01 -1.501681447029113770e+00 5.878329277038574219e-03
-4.355880618095397949e-01 -1.482977867126464844e+00 -7.583251595497131348e-02
-4.028681516647338867e-01 -1.459695935249328613e+00 -1.383256912231445312e-01
-3.507730364799499512e-01 -1.426291942596435547e+00 -2.468094229698181152e-01
-2.943659424781799316e-01 -1.384455800056457520e+00 -3.682606220245361328e-01
-1.460575014352798462e-01 -1.282117247581481934e+00 -6.459531188011169434e-01
-1.361491233110427856e-01 -1.282261133193969727e+00 -6.647195219993591309e-01
-1.331303864717483521e-01 -1.278380155563354492e+00 -6.673660278320312500e-01
-1.327826529741287231e-01 -1.278645277023315430e+00 -6.688365936279296875e-01
-1.418818384408950806e-01 -1.281714200973510742e+00 -6.551301479339599609e-01
-1.469697803258895874e-01 -1.282305598258972168e+00 -6.461319923400878906e-01
-1.390594691038131714e-01 -1.280596017837524414e+00 -6.603999733924865723e-01
-1.335665732622146606e-01 -1.279138684272766113e+00 -6.673333048820495605e-01
-1.349724680185317993e-01 -1.281517148017883301e+00 -6.670320034027099609e-01
-1.427154093980789185e-01 -1.283487558364868164e+00 -6.546590924263000488e-01
-1.469044238328933716e-01 -1.281719326972961426e+00 -6.463993787765502930e-01
-1.326548606157302856e-01 -1.280797719955444336e+00 -6.728091239929199219e-01
-1.422351151704788208e-01 -1.280188083648681641e+00 -6.511788964271545410e-01
-1.347691863775253296e-01 -1.279135465621948242e+00 -6.657182574272155762e-01
-1.319127231836318970e-01 -1.280062794685363770e+00 -6.734589338302612305e-01
-1.348430961370468140e-01 -1.280476331710815430e+00 -6.687090992927551270e-01
-1.461670547723770142e-01 -1.281943202018737793e+00 -6.460958719253540039e-01
-1.361754089593887329e-01 -1.282146453857421875e+00 -6.662135124206542969e-01
-1.488399356603622437e-01 -1.283764958381652832e+00 -6.427080035209655762e-01
-1.381476670503616333e-01 -1.278917789459228516e+00 -6.569336652755737305e-01
-1.337024122476577759e-01 -1.283169150352478027e+00 -6.731963157653808594e-01
-1.331109553575515747e-01 -1.277661204338073730e+00 -6.675031185150146484e-01
-1.389159709215164185e-01 -1.281311869621276855e+00 -6.603211164474487305e-01
-1.333803087472915649e-01 -1.279733180999755859e+00 -6.690465211868286133e-01
-1.474804431200027466e-01 -1.282203197479248047e+00 -6.448242664337158203e-01
-1.371867209672927856e-01 -1.280205249786376953e+00 -6.625888943672180176e-01
-1.379741579294204712e-01 -1.281444549560546875e+00 -6.624068617820739746e-01
-1.357462555170059204e-01 -1.279498577117919922e+00 -6.625434160232543945e-01
-1.381611973047256470e-01 -1.282553315162658691e+00 -6.610947251319885254e-01
-1.351011544466018677e-01 -1.280693292617797852e+00 -6.669086813926696777e-01
-1.331831961870193481e-01 -1.278417706489562988e+00 -6.671574115753173828e-01
-1.415847390890121460e-01 -1.283345341682434082e+00 -6.577293872833251953e-01
-1.519000977277755737e-01 -1.286890625953674316e+00 -6.425529718399047852e-01
-1.651841551065444946e-01 -1.286074995994567871e+00 -6.250075101852416992e-01
-7.399061322212219238e-01 -1.598145127296447754e+00 8.845978379249572754e-01
-7.407804131507873535e-01 -1.598175644874572754e+00 8.828200697898864746e-01
-7.413246035575866699e-01 -1.600084424018859863e+00 8.807210922241210938e-01
-7.412637472152709961e-01 -1.599046111106872559e+00 8.809733390808105469e-01
-7.404198050498962402e-01 -1.598519444465637207e+00 8.837968111038208008e-01
-7.410665154457092285e-01 -1.599731326103210449e+00 8.823331594467163086e-01
-7.412818074226379395e-01 -1.599959254264831543e+00 8.784562349319458008e-01
-7.410416603088378906e-01 -1.598840236663818359e+00 8.819298148155212402e-01
-7.411295771598815918e-01 -1.597237825393676758e+00 8.805476427078247070e-01
-7.403826117515563965e-01 -1.595368623733520508e+00 8.806715011596679688e-01
-7.411333322525024414e-01 -1.597483515739440918e+00 8.805053830146789551e-01
-7.399507164955139160e-01 -1.594882130622863770e+00 8.824844360351562500e-01
-7.404157519340515137e-01 -1.597036123275756836e+00 8.830838203430175781e-01
-7.409027814865112305e-01 -1.598557949066162109e+00 8.816874027252197266e-01
-7.417443990707397461e-01 -1.602618217468261719e+00 8.733291029930114746e-01
-7.412700057029724121e-01 -1.607660531997680664e+00 8.616772890090942383e-01
-7.395393848419189453e-01 -1.610480189323425293e+00 8.453715443611145020e-01
-7.309854626655578613e-01 -1.607233643531799316e+00 8.125820755958557129e-01
-7.207215428352355957e-01 -1.599250078201293945e+00 7.890125513076782227e-01
-7.159014344215393066e-01 -1.596663117408752441e+00 7.753053903579711914e-01
-7.134149074554443359e-01 -1.596971988677978516e+00 7.519674897193908691e-01
-7.106362581253051758e-01 -1.605601668357849121e+00 7.253302335739135742e-01
-7.042089700698852539e-01 -1.608423829078674316e+00 6.979866027832031250e-01
-6.976455450057983398e-01 -1.609901785850524902e+00 6.682674288749694824e-01
-6.948410272598266602e-01 -1.611924648284912109e+00 6.530737876892089844e-01
-6.927744746208190918e-01 -1.614958047866821289e+00 6.447997093200683594e-01
-6.906906366348266602e-01 -1.614438176155090332e+00 6.355922222137451172e-01
-6.917896866798400879e-01 -1.615151047706604004e+00 6.367421150207519531e-01
-6.893756985664367676e-01 -1.615113377571105957e+00 6.296241283416748047e-01
-6.899338364601135254e-01 -1.615812063217163086e+00 6.363050341606140137e-01
-6.896027326583862305e-01 -1.613396644592285156e+00 6.300053596496582031e-01
-6.880755424499511719e-01 -1.612574696540832520e+00 6.250424385070800781e-01
-6.897193789482116699e-01 -1.615094900131225586e+00 6.322612762451171875e-01
-6.904459595680236816e-01 -1.615876197814941406e+00 6.425400972366333008e-01
-6.870159506797790527e-01 -1.613656520843505859e+00 6.348705291748046875e-01
-6.796756982803344727e-01 -1.617826104164123535e+00 6.030786037445068359e-01
-6.744472980499267578e-01 -1.613242387771606445e+00 5.912618637084960938e-01
-6.610882282257080078e-01 -1.601443886756896973e+00 5.606048703193664551e-01
-6.491029858589172363e-01 -1.590014815330505371e+00 5.376479625701904297e-01
-6.410774588584899902e-01 -1.592654705047607422e+00 5.042315721511840820e-01
-6.308897137641906738e-01 -1.588769912719726562e+00 4.740640819072723389e-01
-6.185348033905029297e-01 -1.584268450736999512e+00 4.359423220157623291e-01
-6.073802709579467773e-01 -1.579299926757812500e+00 4.024220407009124756e-01
-6.048471927642822266e-01 -1.585273265838623047e+00 3.806248605251312256e-01
-5.978313088417053223e-01 -1.577121734619140625e+00 3.707823455333709717e-01
-5.927265286445617676e-01 -1.577499628067016602e+00 3.495647609233856201e-01
-5.931842923164367676e-01 -1.579735517501831055e+00 3.466792702674865723e-01
-5.894442200660705566e-01 -1.575539469718933105e+00 3.411729037761688232e-01
-5.906745791435241699e-01 -1.577054142951965332e+00 3.422655463218688965e-01
-5.873562693595886230e-01 -1.574010252952575684e+00 3.365265727043151855e-01
-5.885208845138549805e-01 -1.577565908432006836e+00 3.331621289253234863e-01
-5.916681885719299316e-01 -1.577825546264648438e+00 3.446968197822570801e-01
-5.876892805099487305e-01 -1.576210975646972656e+00 3.329776525497436523e-01
-5.861979126930236816e-01 -1.574168443679809570e+00 3.315707445144653320e-01
-5.866550803184509277e-01 -1.578812479972839355e+00 3.235537409782409668e-01
-5.852121114730834961e-01 -1.580318927764892578e+00 3.133180737495422363e-01
-5.671492218971252441e-01 -1.577997207641601562e+00 2.495191395282745361e-01
-5.574052333831787109e-01 -1.576736807823181152e+00 2.149917781352996826e-01
-5.237972736358642578e-01 -1.556614518165588379e+00 1.291102766990661621e-01
-4.953548908233642578e-01 -1.532997488975524902e+00 6.704902648925781250e-02
-4.669221639633178711e-01 -1.511222958564758301e+00 6.898283958435058594e-03
-4.277467131614685059e-01 -1.486652135848999023e+00 -8.375582098960876465e-02
-3.799892067909240723e-01 -1.451845884323120117e+00 -1.907216012477874756e-01
-3.269592523574829102e-01 -1.412314176559448242e+00 -3.238795399665832520e-01
-2.097611874341964722e-01 -1.314829230308532715e+00 -5.852111577987670898e-01
-1.801204234361648560e-01 -1.311095118522644043e+00 -6.316705346107482910e-01
-1.492099910974502563e-01 -1.307084321975708008e+00 -6.772481799125671387e-01
-1.324182897806167603e-01 -1.313496351242065430e+00 -7.205845713615417480e-01
-1.295443326234817505e-01 -1.301347613334655762e+00 -7.153708934783935547e-01
-1.283375173807144165e-01 -1.300912618637084961e+00 -7.207444310188293457e-01
-1.528687030076980591e-01 -1.302785277366638184e+00 -6.685233116149902344e-01
-1.299956589937210083e-01 -1.306952953338623047e+00 -7.241202592849731445e-01
-1.326812058687210083e-01 -1.310495376586914062e+00 -7.082278728485107422e-01
-1.295060366392135620e-01 -1.306091666221618652e+00 -7.265831828117370605e-01
-1.298908442258834839e-01 -1.304159283638000488e+00 -7.181230783462524414e-01
-1.334701627492904663e-01 -1.307344317436218262e+00 -7.040436863899230957e-01
-1.291785091161727905e-01 -1.306692123413085938e+00 -7.324517965316772461e-01
-1.367131024599075317e-01 -1.306043982505798340e+00 -6.981567740440368652e-01
-1.288530081510543823e-01 -1.298982739448547363e+00 -7.114332318305969238e-01
-1.365728229284286499e-01 -1.303753614425659180e+00 -6.997041106224060059e-01
-1.294180601835250854e-01 -1.301111578941345215e+00 -7.148469686508178711e-01
-1.430898457765579224e-01 -1.306256532669067383e+00 -6.873804330825805664e-01
-1.352280527353286743e-01 -1.311701774597167969e+00 -7.071161270141601562e-01
-1.280653625726699829e-01 -1.302772164344787598e+00 -7.277064323425292969e-01
-1.312579661607742310e-01 -1.304653763771057129e+00 -7.083535194396972656e-01
-1.445843428373336792e-01 -1.311182022094726562e+00 -6.887881755828857422e-01
-1.287255436182022095e-01 -1.303843140602111816e+00 -7.273367047309875488e-01
-1.289308220148086548e-01 -1.302776575088500977e+00 -7.228676080703735352e-01
-1.428755074739456177e-01 -1.307218551635742188e+00 -6.906952857971191406e-01
-1.281727999448776245e-01 -1.305007457733154297e+00 -7.350957393646240234e-01
-1.298421770334243774e-01 -1.302441120147705078e+00 -7.146996855735778809e-01
-1.306663900613784790e-01 -1.308060765266418457e+00 -7.238325476646423340e-01
-1.296627968549728394e-01 -1.300411701202392578e+00 -7.126154899597167969e-01
-1.247564107179641724e-01 -1.298164963722229004e+00 -7.379501461982727051e-01
-1.280579715967178345e-01 -1.301810026168823242e+00 -7.249048352241516113e-01
-1.436655968427658081e-01 -1.306831598281860352e+00 -6.872693300247192383e-01
-1.253736764192581177e-01 -1.299237966537475586e+00 -7.376572489738464355e-01
-1.270129233598709106e-01 -1.300131082534790039e+00 -7.317578196525573730e-01
-1.261468082666397095e-01 -1.298744678497314453e+00 -7.347940206527709961e-01
-7.406615018844604492e-01 -1.597366809844970703e+00 8.822664618492126465e-01
-7.411146759986877441e-01 -1.598596692085266113e+00 8.818687200546264648e-01
-7.419967055320739746e-01 -1.601170897483825684e+00 8.758628368377685547e-01
-7.405532002449035645e-01 -1.597375154495239258e+00 8.831964135169982910e-01
-7.411607503890991211e-01 -1.597880482673645020e+00 8.803721666336059570e-01
-7.418685555458068848e-01 -1.600464701652526855e+00 8.794356584548950195e-01
-7.408647537231445312e-01 -1.599244117736816406e+00 8.835204243659973145e-01
-7.410663366317749023e-01 -1.597349286079406738e+00 8.806493282318115234e-01
-7.412173748016357422e-01 -1.598505377769470215e+00 8.809375762939453125e-01
-7.408506274223327637e-01 -1.598463892936706543e+00 8.831939697265625000e-01
-7.402033805847167969e-01 -1.595410943031311035e+00 8.815445899963378906e-01
-7.402535676956176758e-01 -1.597366452217102051e+00 8.840385675430297852e-01
-7.409107089042663574e-01 -1.598839282989501953e+00 8.824964165687561035e-01
-7.394947409629821777e-01 -1.595378518104553223e+00 8.850096464157104492e-01
-7.380937337875366211e-01 -1.591923356056213379e+00 8.859865665435791016e-01
-7.336077094078063965e-01 -1.585588335990905762e+00 8.920861482620239258e-01
-7.289189100265502930e-01 -1.577391028404235840e+00 8.900187015533447266e-01
-7.162277102470397949e-01 -1.558951377868652344e+00 8.910778760910034180e-01
-7.046585083007812500e-01 -1.541708588600158691e+00 8.946489691734313965e-01
-6.914303302764892578e-01 -1.521034002304077148e+00 8.961864709854125977e-01
-6.809456348419189453e-01 -1.501255869865417480e+00 8.935722708702087402e-01
-6.731687784194946289e-01 -1.488820672035217285e+00 8.906385302543640137e-01
-6.665347814559936523e-01 -1.480544209480285645e+00 8.878647089004516602e-01
-6.568352580070495605e-01 -1.458872079849243164e+00 9.039225578308105469e-01
-6.487654447555541992e-01 -1.448752999305725098e+00 8.991746902465820312e-01
-6.412518620491027832e-01 -1.435834765434265137e+00 8.966557979583740234e-01
-6.398620009422302246e-01 -1.432774424552917480e+00 8.980091214179992676e-01
-6.346151232719421387e-01 -1.418171048164367676e+00 9.073477983474731445e-01
-6.361702680587768555e-01 -1.425459027290344238e+00 8.998969793319702148e-01
-6.389757394790649414e-01 -1.428735971450805664e+00 9.040654897689819336e-01
-6.343008279800415039e-01 -1.422714352607727051e+00 8.980796337127685547e-01
-6.361085772514343262e-01 -1.426313757896423340e+00 8.977010846138000488e-01
-6.362453103065490723e-01 -1.424107909202575684e+00 9.040923714637756348e-01
-6.400730013847351074e-01 -1.430684566497802734e+00 9.026619195938110352e-01
-6.354944705963134766e-01 -1.420622229576110840e+00 9.067335724830627441e-01
-6.249808669090270996e-01 -1.392286181449890137e+00 9.349422454833984375e-01
-6.032965779304504395e-01 -1.345533251762390137e+00 9.669713377952575684e-01
-5.822607278823852539e-01 -1.298990130424499512e+00 9.989364743232727051e-01
-5.627641081809997559e-01 -1.256027936935424805e+00 1.029316186904907227e+00
-5.433528423309326172e-01 -1.213644981384277344e+00 1.057054877281188965e+00
-5.236184597015380859e-01 -1.170917510986328125e+00 1.083052158355712891e+00
-5.013148784637451172e-01 -1.123884797096252441e+00 1.108498573303222656e+00
-4.827292561531066895e-01 -1.084096670150756836e+00 1.132411360740661621e+00
-4.650587439537048340e-01 -1.045242309570312500e+00 1.165518283843994141e+00
-4.387680888175964355e-01 -9.953804016113281250e-01 1.181441068649291992e+00
-4.329312443733215332e-01 -9.846414327621459961e-01 1.183037757873535156e+00
-4.249114990234375000e-01 -9.700792431831359863e-01 1.184472560882568359e+00
-4.128956794738769531e-01 -9.467484354972839355e-01 1.195270061492919922e+00
-4.231419563293457031e-01 -9.664585590362548828e-01 1.186787843704223633e+00
-4.188371896743774414e-01 -9.582901000976562500e-01 1.190106630325317383e+00
-4.149047136306762695e-01 -9.508813023567199707e-01 1.192476987838745117e+00
-4.115278124809265137e-01 -9.433320164680480957e-01 1.201085209846496582e+00
-4.098449349403381348e-01 -9.408212304115295410e-01 1.197921991348266602e+00
-4.193141460418701172e-01 -9.588475823402404785e-01 1.191620945930480957e+00
-4.079603552818298340e-01 -9.376850128173828125e-01 1.198704600334167480e+00
-3.791511654853820801e-01 -8.893787264823913574e-01 1.206116437911987305e+00
-3.529605269432067871e-01 -8.457148075103759766e-01 1.218840003013610840e+00
-3.275755047798156738e-01 -8.039267659187316895e-01 1.225808382034301758e+00
-2.822179794311523438e-01 -7.207103967666625977e-01 1.269278049468994141e+00
-2.468728572130203247e-01 -6.550862789154052734e-01 1.303207397460937500e+00
-2.200350016355514526e-01 -6.012915968894958496e-01 1.342745065689086914e+00
-1.881659775972366333e-01 -5.410242676734924316e-01 1.365688562393188477e+00
-1.246319264173507690e-01 -4.223057329654693604e-01 1.404501676559448242e+00
-6.209261715412139893e-02 -3.075805306434631348e-01 1.432369947433471680e+00
7.487037777900695801e-02 -5.675344914197921753e-02 1.491346120834350586e+00
1.255296021699905396e-01 3.662596642971038818e-02 1.516088247299194336e+00
1.770948469638824463e-01 1.258947551250457764e-01 1.513279318809509277e+00
1.771874427795410156e-01 1.253747045993804932e-01 1.509979724884033203e+00
1.774438768625259399e-01 1.239344552159309387e-01 1.500841498374938965e+00
1.769469827413558960e-01 1.267252564430236816e-01 1.518548846244812012e+00
1.768804192543029785e-01 1.270991563796997070e-01 1.520921111106872559e+00
1.770453602075576782e-01 1.261727511882781982e-01 1.515043258666992188e+00
1.765591353178024292e-01 1.289036870002746582e-01 1.532370686531066895e+00
1.764269471168518066e-01 1.296461224555969238e-01 1.537081480026245117e+00
1.769852042198181152e-01 1.265106499195098877e-01 1.517187118530273438e+00
1.768362820148468018e-01 1.273470222949981689e-01 1.522493720054626465e+00
1.763074845075607300e-01 1.303170621395111084e-01 1.541338324546813965e+00
1.767151802778244019e-01 1.280272305011749268e-01 1.526809692382812500e+00
1.765647530555725098e-01 1.288720965385437012e-01 1.532170295715332031e+00
1.769513189792633057e-01 1.267009675502777100e-01 1.518394589424133301e+00
1.771239638328552246e-01 1.257312297821044922e-01 1.512241721153259277e+00
1.769720166921615601e-01 1.265846490859985352e-01 1.517656683921813965e+00
1.770218014717102051e-01 1.263050734996795654e-01 1.515882730484008789e+00
1.773841083049774170e-01 1.242701187729835510e-01 1.502971291542053223e+00
1.763473749160766602e-01 1.300930082798004150e-01 1.539916753768920898e+00
1.767956316471099854e-01 1.275753378868103027e-01 1.523942351341247559e+00
1.772237271070480347e-01 1.251709163188934326e-01 1.508686661720275879e+00
1.766979396343231201e-01 1.281240582466125488e-01 1.527424097061157227e+00
1.766140460968017578e-01 1.285952925682067871e-01 1.530413985252380371e+00
1.763794422149658203e-01 1.299129426479339600e-01 1.538774371147155762e+00
1.766428351402282715e-01 1.284335255622863770e-01 1.529387474060058594e+00
1.767794936895370483e-01 1.276659965515136719e-01 1.524517774581909180e+00
1.771298795938491821e-01 1.256980001926422119e-01 1.512030959129333496e+00
1.769825816154479980e-01 1.265253126621246338e-01 1.517280220985412598e+00
1.766888201236724854e-01 1.281753182411193848e-01 1.527749300003051758e+00
1.769175827503204346e-01 1.268904507160186768e-01 1.519596934318542480e+00
1.770772635936737061e-01 1.243593618273735046e-01 1.505992531776428223e+00
1.772258877754211426e-01 1.251587867736816406e-01 1.508609771728515625e+00
1.764168143272399902e-01 1.297029852867126465e-01 1.537442207336425781e+00
-7.404860854148864746e-01 -1.597152590751647949e+00 8.833651542663574219e-01
-7.412449121475219727e-01 -1.599687695503234863e+00 8.815760612487792969e-01
-7.410978674888610840e-01 -1.599608540534973145e+00 8.802452087402343750e-01
-7.403939962387084961e-01 -1.598791122436523438e+00 8.842680454254150391e-01
-7.402719855308532715e-01 -1.597997426986694336e+00 8.844817876815795898e-01
-7.403814196586608887e-01 -1.595918297767639160e+00 8.812392950057983398e-01
-7.414566278457641602e-01 -1.599107742309570312e+00 8.804171681404113770e-01
-7.407049536705017090e-01 -1.596923589706420898e+00 8.816789984703063965e-01
-7.412672042846679688e-01 -1.598713994026184082e+00 8.807809352874755859e-01
-7.411586642265319824e-01 -1.599247336387634277e+00 8.821104764938354492e-01
-7.406446337699890137e-01 -1.599068999290466309e+00 8.843784928321838379e-01
-7.410014271736145020e-01 -1.597234725952148438e+00 8.806504011154174805e-01
-7.405133843421936035e-01 -1.598534941673278809e+00 8.837792873382568359e-01
-7.405333518981933594e-01 -1.596494078636169434e+00 8.818379640579223633e-01
-7.371400594711303711e-01 -1.590583205223083496e+00 8.879201412200927734e-01
-7.329245805740356445e-01 -1.582778692245483398e+00 8.919377326965332031e-01
-7.270004153251647949e-01 -1.574411630630493164e+00 8.910869359970092773e-01
-7.165311574935913086e-01 -1.559124469757080078e+00 8.903659582138061523e-01
-7.052235603332519531e-01 -1.543310880661010742e+00 8.944234251976013184e-01
-6.899623870849609375e-01 -1.517969727516174316e+00 8.960161209106445312e-01
-6.828843951225280762e-01 -1.504450440406799316e+00 8.935695886611938477e-01
-6.716008186340332031e-01 -1.487002849578857422e+00 8.920501470565795898e-01
-6.670439243316650391e-01 -1.480504393577575684e+00 8.886066079139709473e-01
-6.560491919517517090e-01 -1.457362413406372070e+00 9.051463603973388672e-01
-6.493973731994628906e-01 -1.449728608131408691e+00 8.992801308631896973e-01
-6.409329175949096680e-01 -1.433235406875610352e+00 9.012283086776733398e-01
-6.350676417350769043e-01 -1.422221899032592773e+00 9.028726816177368164e-01
-6.389848589897155762e-01 -1.430943727493286133e+00 8.995316028594970703e-01
-6.359701156616210938e-01 -1.423802971839904785e+00 9.035033583641052246e-01
-6.384860277175903320e-01 -1.428719639778137207e+00 9.022778272628784180e-01
-6.384589076042175293e-01 -1.428501725196838379e+00 9.028747677803039551e-01
-6.356704831123352051e-01 -1.420865535736083984e+00 9.061130881309509277e-01
-6.376004815101623535e-01 -1.425699114799499512e+00 9.040080308914184570e-01
-6.344321370124816895e-01 -1.415134549140930176e+00 9.117501974105834961e-01
-6.361728310585021973e-01 -1.421294331550598145e+00 9.073847532272338867e-01
-6.154239177703857422e-01 -1.371198534965515137e+00 9.529680013656616211e-01
-5.986878871917724609e-01 -1.335815072059631348e+00 9.719927310943603516e-01
-5.846086740493774414e-01 -1.303906917572021484e+00 9.962781071662902832e-01
-5.579188466072082520e-01 -1.245661020278930664e+00 1.035419225692749023e+00
-5.427510142326354980e-01 -1.211544632911682129e+00 1.061543226242065430e+00
-5.210564136505126953e-01 -1.165885925292968750e+00 1.084602117538452148e+00
-4.992527365684509277e-01 -1.119618654251098633e+00 1.110259413719177246e+00
-4.836028814315795898e-01 -1.084407210350036621e+00 1.139451980590820312e+00
-4.594061970710754395e-01 -1.034467697143554688e+00 1.169303655624389648e+00
-4.365437030792236328e-01 -9.920856356620788574e-01 1.180170416831970215e+00
-4.289332628250122070e-01 -9.771698713302612305e-01 1.185070157051086426e+00
-4.323846697807312012e-01 -9.841912388801574707e-01 1.180456995964050293e+00
-4.217290282249450684e-01 -9.632787108421325684e-01 1.190936207771301270e+00
-4.239492416381835938e-01 -9.684565663337707520e-01 1.184382915496826172e+00
-4.209940433502197266e-01 -9.620164036750793457e-01 1.190719366073608398e+00
-4.181364178657531738e-01 -9.566159248352050781e-01 1.192321300506591797e+00
-4.163241386413574219e-01 -9.534234404563903809e-01 1.191955327987670898e+00
-4.123891592025756836e-01 -9.454171657562255859e-01 1.197722792625427246e+00
-4.232770800590515137e-01 -9.659841656684875488e-01 1.191282629966735840e+00
-4.037197232246398926e-01 -9.302063584327697754e-01 1.199489355087280273e+00
-3.815193176269531250e-01 -8.930845260620117188e-01 1.206635832786560059e+00
-3.672387003898620605e-01 -8.700329661369323730e-01 1.207825779914855957e+00
-3.231569528579711914e-01 -7.965825200080871582e-01 1.227048277854919434e+00
-2.885324358940124512e-01 -7.329108119010925293e-01 1.260403633117675781e+00
-2.485807687044143677e-01 -6.578041315078735352e-01 1.304158806800842285e+00
-2.220117300748825073e-01 -6.044552326202392578e-01 1.344104766845703125e+00
-1.819746047258377075e-01 -5.290600657463073730e-01 1.371384143829345703e+00
-1.338559240102767944e-01 -4.399095773696899414e-01 1.397084474563598633e+00
-4.948832094669342041e-02 -2.841236591339111328e-01 1.439608335494995117e+00
-3.933683037757873535e-03 -2.012019157409667969e-01 1.456780195236206055e+00
1.334841996431350708e-01 4.941987246274948120e-02 1.510924100875854492e+00
1.769842803478240967e-01 1.265157461166381836e-01 1.517219543457031250e+00
1.768565177917480469e-01 1.272334456443786621e-01 1.521773099899291992e+00
1.771970987319946289e-01 1.253204345703125000e-01 1.509635448455810547e+00
1.769619882106781006e-01 1.266410052776336670e-01 1.518014192581176758e+00
1.770080924034118652e-01 1.263820827007293701e-01 1.516371488571166992e+00
1.768444776535034180e-01 1.273010075092315674e-01 1.522201776504516602e+00
1.771014928817749023e-01 1.258574128150939941e-01 1.513042449951171875e+00
1.770716011524200439e-01 1.260254085063934326e-01 1.514108300209045410e+00
1.764885038137435913e-01 1.293003857135772705e-01 1.534887790679931641e+00
1.615058183670043945e-01 9.880410879850387573e-02 1.513628721237182617e+00
1.766532808542251587e-01 1.283748745918273926e-01 1.529015421867370605e+00
1.769875735044479370e-01 1.264972984790802002e-01 1.517102360725402832e+00
1.766109615564346313e-01 1.286125779151916504e-01 1.530523657798767090e+00
1.764563322067260742e-01 1.294810771942138672e-01 1.536034107208251953e+00
1.748001277446746826e-01 1.211151257157325745e-01 1.509496092796325684e+00
1.766299754381179810e-01 1.285057961940765381e-01 1.529846191406250000e+00
1.768734008073806763e-01 1.271385550498962402e-01 1.521171092987060547e+00
1.770250201225280762e-01 1.262869238853454590e-01 1.515767693519592285e+00
1.770397424697875977e-01 1.262042820453643799e-01 1.515243291854858398e+00
1.768412739038467407e-01 1.273190081119537354e-01 1.522316098213195801e+00
1.768815219402313232e-01 1.270929276943206787e-01 1.520881652832031250e+00
1.768420040607452393e-01 1.273148655891418457e-01 1.522289872169494629e+00
1.769563257694244385e-01 1.266728043556213379e-01 1.518216013908386230e+00
1.595582664012908936e-01 9.484758228063583374e-02 1.510902166366577148e+00
1.767951399087905884e-01 1.275781095027923584e-01 1.523959994316101074e+00
1.765138804912567139e-01 1.291578412055969238e-01 1.533983230590820312e+00
1.767599135637283325e-01 1.277759969234466553e-01 1.525215506553649902e+00
1.471278220415115356e-01 7.454808801412582397e-02 1.517486453056335449e+00
1.767882853746414185e-01 1.276166439056396484e-01 1.524204492568969727e+00
1.769068986177444458e-01 1.233565285801887512e-01 1.502573728561401367e+00
1.769945919513702393e-01 1.264578402042388916e-01 1.516852140426635742e+00
1.769248694181442261e-01 1.268494427204132080e-01 1.519336819648742676e+00
1.771566420793533325e-01 1.255476772785186768e-01 1.511077284812927246e+00
-7.417380213737487793e-01 -1.600153207778930664e+00 8.771016597747802734e-01
-7.404813170433044434e-01 -1.596991658210754395e+00 8.820611238479614258e-01
-7.408005595207214355e-01 -1.598746299743652344e+00 8.818045854568481445e-01
-7.407241463661193848e-01 -1.600689172744750977e+00 8.822222352027893066e-01
-7.399716377258300781e-01 -1.596312761306762695e+00 8.835516571998596191e-01
-7.412757277488708496e-01 -1.598957300186157227e+00 8.809254169464111328e-01
-7.405419945716857910e-01 -1.596597552299499512e+00 8.826072216033935547e-01
-7.413280606269836426e-01 -1.598040461540222168e+00 8.797039389610290527e-01
-7.411623597145080566e-01 -1.598632335662841797e+00 8.809102773666381836e-01
-7.408176660537719727e-01 -1.597969174385070801e+00 8.824560642242431641e-01
-7.403477430343627930e-01 -1.597372412681579590e+00 8.841568231582641602e-01
-7.405278682708740234e-01 -1.596922039985656738e+00 8.827902078628540039e-01
-7.404680848121643066e-01 -1.597185134887695312e+00 8.821492791175842285e-01
-7.404034733772277832e-01 -1.596685171127319336e+00 8.830085992813110352e-01
-7.393326759338378906e-01 -1.595223903656005859e+00 8.843924999237060547e-01
-7.337138652801513672e-01 -1.583978414535522461e+00 8.910038471221923828e-01
-7.252214550971984863e-01 -1.574568748474121094e+00 8.886612653732299805e-01
-7.152961492538452148e-01 -1.557976603507995605e+00 8.908914923667907715e-01
-7.051832675933837891e-01 -1.540410041809082031e+00 8.931878805160522461e-01
-6.899058222770690918e-01 -1.518007040023803711e+00 8.964863419532775879e-01
-6.805903315544128418e-01 -1.503026604652404785e+00 8.953971862792968750e-01
-6.720349788665771484e-01 -1.488134145736694336e+00 8.917320370674133301e-01
-6.663114428520202637e-01 -1.478437542915344238e+00 8.872020840644836426e-01
-6.550706028938293457e-01 -1.457084417343139648e+00 9.020200967788696289e-01
-6.483539342880249023e-01 -1.444617033004760742e+00 9.035806655883789062e-01
-6.459169983863830566e-01 -1.443552255630493164e+00 8.999196887016296387e-01
-6.385899186134338379e-01 -1.426393985748291016e+00 9.052611589431762695e-01
-6.389169096946716309e-01 -1.428068757057189941e+00 9.044939279556274414e-01
-6.398871541023254395e-01 -1.431264042854309082e+00 9.029546380043029785e-01
-6.402219533920288086e-01 -1.431378841400146484e+00 9.036082029342651367e-01
-6.357510685920715332e-01 -1.425391793251037598e+00 8.975818753242492676e-01
-6.361451745033264160e-01 -1.426942706108093262e+00 8.961670398712158203e-01
-6.368420124053955078e-01 -1.424799323081970215e+00 9.031219482421875000e-01
-6.365317106246948242e-01 -1.426963686943054199e+00 8.973860740661621094e-01
-6.377882361412048340e-01 -1.431672811508178711e+00 8.878866434097290039e-01
-6.340010762214660645e-01 -1.441991925239562988e+00 8.488888144493103027e-01
-6.318880915641784668e-01 -1.441316366195678711e+00 8.422541618347167969e-01
-6.249762177467346191e-01 -1.441586136817932129e+00 8.086974620819091797e-01
-6.132363677024841309e-01 -1.436344861984252930e+00 7.764786481857299805e-01
-6.090411543846130371e-01 -1.442681431770324707e+00 7.428648471832275391e-01
-5.990974903106689453e-01 -1.449064850807189941e+00 6.868569254875183105e-01
-5.841575860977172852e-01 -1.443315982818603516e+00 6.416360735893249512e-01
-5.762794017791748047e-01 -1.444745063781738281e+00 6.059522032737731934e-01
-5.641384124755859375e-01 -1.436757802963256836e+00 5.784036517143249512e-01
-5.598243474960327148e-01 -1.438538789749145508e+00 5.576809644699096680e-01
-5.529085993766784668e-01 -1.437437295913696289e+00 5.351585149765014648e-01
-5.508220195770263672e-01 -1.440593123435974121e+00 5.188325643539428711e-01
-5.508786439895629883e-01 -1.435429096221923828e+00 5.336365103721618652e-01
-5.486932992935180664e-01 -1.435659289360046387e+00 5.249010324478149414e-01
-5.486093163490295410e-01 -1.441535592079162598e+00 5.082931518554687500e-01
-5.474287271499633789e-01 -1.437510609626770020e+00 5.145788192749023438e-01
-5.520569682121276855e-01 -1.439329743385314941e+00 5.265399217605590820e-01
-5.448550581932067871e-01 -1.439625024795532227e+00 4.996356666088104248e-01
-5.490683913230895996e-01 -1.436024546623229980e+00 5.244649648666381836e-01
-5.476708412170410156e-01 -1.433673381805419922e+00 5.258139371871948242e-01
-5.474169850349426270e-01 -1.423231244087219238e+00 5.488278865814208984e-01
-4.931523799896240234e-01 -1.356819510459899902e+00 5.050141811370849609e-01
-4.341419339179992676e-01 -1.273338317871093750e+00 4.910478293895721436e-01
-3.548904061317443848e-01 -1.155261397361755371e+00 4.774293303489685059e-01
-2.625566720962524414e-01 -1.014898657798767090e+00 4.632647633552551270e-01
-1.697520762681961060e-01 -8.736811876296997070e-01 4.549452960491180420e-01
-9.584395587444305420e-02 -7.674821615219116211e-01 4.393906891345977783e-01
-5.941791832447052002e-02 -7.208800315856933594e-01 4.171055257320404053e-01
6.721456348896026611e-02 -5.166766047477722168e-01 3.781684041023254395e-01
2.239165306091308594e-01 -3.292883336544036865e-01 2.589302361011505127e-01
3.124219477176666260e-01 -2.058829367160797119e-01 2.433220148086547852e-01
3.108486533164978027e-01 -2.092715799808502197e-01 2.406384646892547607e-01
3.180457055568695068e-01 -2.010598480701446533e-01 2.374035120010375977e-01
3.196429610252380371e-01 -2.036833614110946655e-01 2.316660135984420776e-01
3.224025070667266846e-01 -2.080561816692352295e-01 2.230421006679534912e-01
3.171833157539367676e-01 -1.995429992675781250e-01 2.413102686405181885e-01
