8.275830149650573730e-01 -9.007045030593872070e-01 5.648018121719360352e-01
8.080623745918273926e-01 -8.240504264831542969e-01 5.948292016983032227e-01
7.948024272918701172e-01 -7.667206525802612305e-01 6.196398138999938965e-01
7.801172733306884766e-01 -6.891328692436218262e-01 6.585784554481506348e-01
7.447812557220458984e-01 -6.067284941673278809e-01 6.683310866355895996e-01
7.252264618873596191e-01 -5.066455602645874023e-01 7.182716727256774902e-01
7.075383067131042480e-01 -4.138715267181396484e-01 7.620508670806884766e-01
6.706034541130065918e-01 -2.528190016746520996e-01 8.245787024497985840e-01
6.406324505805969238e-01 -9.422983974218368530e-02 8.898074626922607422e-01
6.410900950431823730e-01 -9.300456196069717407e-02 8.914058804512023926e-01
6.415782570838928223e-01 -9.073927253484725952e-02 8.938438892364501953e-01
6.368336677551269531e-01 -8.652511239051818848e-02 8.907734751701354980e-01
6.351758837699890137e-01 -8.455447107553482056e-02 8.900722265243530273e-01
6.389942169189453125e-01 -9.007285535335540771e-02 8.908873796463012695e-01
6.372881531715393066e-01 -8.819498121738433838e-02 8.900587558746337891e-01
6.378208994865417480e-01 -8.778500556945800781e-02 8.911241292953491211e-01
6.353275179862976074e-01 -8.474022895097732544e-02 8.901671171188354492e-01
6.401302218437194824e-01 -8.975390344858169556e-02 8.926650285720825195e-01
6.404936909675598145e-01 -9.033800661563873291e-02 8.926917910575866699e-01
6.348960995674133301e-01 -8.556752651929855347e-02 8.889583945274353027e-01
6.333655118942260742e-01 -8.171021193265914917e-02 8.898532986640930176e-01
6.407756209373474121e-01 -9.042733907699584961e-02 8.929814100265502930e-01
6.399227976799011230e-01 -9.413006901741027832e-02 8.886598348617553711e-01
6.411608457565307617e-01 -9.210603684186935425e-02 8.921855092048645020e-01
6.382243037223815918e-01 -8.718251436948776245e-02 8.921371102333068848e-01
6.407178044319152832e-01 -9.223712980747222900e-02 8.915062546730041504e-01
6.374188661575317383e-01 -8.898510783910751343e-02 8.896868824958801270e-01
6.383107304573059082e-01 -8.929800242185592651e-02 8.905448913574218750e-01
6.391752362251281738e-01 -8.868213742971420288e-02 8.922110795974731445e-01
6.389413475990295410e-01 -8.889476209878921509e-02 8.917540311813354492e-01
6.393204927444458008e-01 -8.974181860685348511e-02 8.916200399398803711e-01
6.442254185676574707e-01 -1.130825802683830261e-01 8.807288408279418945e-01
6.361783146858215332e-01 -8.704226464033126831e-02 8.894921541213989258e-01
6.401379704475402832e-01 -9.427646547555923462e-02 8.889548778533935547e-01
6.411263346672058105e-01 -9.397698193788528442e-02 8.907873630523681641e-01
6.358724832534790039e-01 -8.578886836767196655e-02 8.900557756423950195e-01
6.366934776306152344e-01 -8.774314820766448975e-02 8.896489143371582031e-01
6.373599171638488770e-01 -8.701490610837936401e-02 8.910474777221679688e-01
6.377930641174316406e-01 -8.812112361192703247e-02 8.908362388610839844e-01
6.391418576240539551e-01 -8.985840529203414917e-02 8.912745714187622070e-01
6.346750855445861816e-01 -8.336926251649856567e-02 8.903505802154541016e-01
6.346636414527893066e-01 -8.538182824850082397e-02 8.887298107147216797e-01
8.915972113609313965e-01 -1.364755153656005859e+00 3.041097223758697510e-01
8.916438221931457520e-01 -1.365038156509399414e+00 3.039972186088562012e-01
8.913391232490539551e-01 -1.364684939384460449e+00 3.036045432090759277e-01
8.913242220878601074e-01 -1.363818407058715820e+00 3.043355643749237061e-01
8.915645480155944824e-01 -1.364956974983215332e+00 3.038953840732574463e-01
8.913889527320861816e-01 -1.365923643112182617e+00 3.027818500995635986e-01
8.915391564369201660e-01 -1.363253116607666016e+00 3.051504194736480713e-01
8.916081786155700684e-01 -1.364512205123901367e+00 3.042722046375274658e-01
8.916748166084289551e-01 -1.363559484481811523e+00 3.051853179931640625e-01
8.915593028068542480e-01 -1.364224314689636230e+00 3.044672310352325439e-01
8.916557431221008301e-01 -1.363023400306701660e+00 3.056482970714569092e-01
8.913340568542480469e-01 -1.364292860031127930e+00 3.039005696773529053e-01
8.916311860084533691e-01 -1.363397955894470215e+00 3.052237331867218018e-01
8.913158178329467773e-01 -1.365193247795104980e+00 3.032106459140777588e-01
8.914257884025573730e-01 -1.366180300712585449e+00 3.026249408721923828e-01
8.895952105522155762e-01 -1.361066818237304688e+00 3.036591708660125732e-01
8.872521519660949707e-01 -1.354335784912109375e+00 3.052427768707275391e-01
8.819101452827453613e-01 -1.334857344627380371e+00 3.120380938053131104e-01
8.737099170684814453e-01 -1.314767837524414062e+00 3.145334720611572266e-01
8.665156960487365723e-01 -1.299405813217163086e+00 3.151196539402008057e-01
8.573141694068908691e-01 -1.282409191131591797e+00 3.136318922042846680e-01
8.485433459281921387e-01 -1.263006210327148438e+00 3.152270317077636719e-01
8.442022204399108887e-01 -1.252448201179504395e+00 3.168298006057739258e-01
8.352357745170593262e-01 -1.235421538352966309e+00 3.160085380077362061e-01
8.339100480079650879e-01 -1.230493068695068359e+00 3.179563879966735840e-01
8.309293985366821289e-01 -1.223727226257324219e+00 3.185338377952575684e-01
8.319450020790100098e-01 -1.221545457839965820e+00 3.220068216323852539e-01
8.306269049644470215e-01 -1.217293977737426758e+00 3.232787847518920898e-01
8.317428231239318848e-01 -1.221928000450134277e+00 3.213686048984527588e-01
8.313190937042236328e-01 -1.220449686050415039e+00 3.218668103218078613e-01
8.302658796310424805e-01 -1.218517422676086426e+00 3.216514289379119873e-01
8.299018740653991699e-01 -1.216778516769409180e+00 3.224984407424926758e-01
8.299128413200378418e-01 -1.215533256530761719e+00 3.234812319278717041e-01
8.330565094947814941e-01 -1.223121881484985352e+00 3.225627243518829346e-01
8.342419266700744629e-01 -1.220881104469299316e+00 3.263580203056335449e-01
8.351152539253234863e-01 -1.220948219299316406e+00 3.277513980865478516e-01
8.381327986717224121e-01 -1.212431788444519043e+00 3.395733535289764404e-01
8.387935757637023926e-01 -1.197436571121215820e+00 3.525297045707702637e-01
8.405544161796569824e-01 -1.180644750595092773e+00 3.684647679328918457e-01
8.436530232429504395e-01 -1.165526866912841797e+00 3.852848410606384277e-01
8.436776399612426758e-01 -1.137570977210998535e+00 4.070975780487060547e-01
8.440096974372863770e-01 -1.115858078002929688e+00 4.245298504829406738e-01
8.454701304435729980e-01 -1.097488403320312500e+00 4.411670863628387451e-01
8.433541059494018555e-01 -1.074700713157653809e+00 4.555240571498870850e-01
8.423700928688049316e-01 -1.057854175567626953e+00 4.671398997306823730e-01
8.427848815917968750e-01 -1.051617622375488281e+00 4.727289974689483643e-01
8.410220742225646973e-01 -1.038256406784057617e+00 4.803870022296905518e-01
8.410695791244506836e-01 -1.038252592086791992e+00 4.804537594318389893e-01
8.414720892906188965e-01 -1.040146350860595703e+00 4.796056449413299561e-01
8.409232497215270996e-01 -1.043193817138671875e+00 4.763575196266174316e-01
8.411774635314941406e-01 -1.040363311767578125e+00 4.790093302726745605e-01
8.415994644165039062e-01 -1.037463784217834473e+00 4.819773137569427490e-01
8.408248424530029297e-01 -1.040406942367553711e+00 4.783863127231597900e-01
8.414540290832519531e-01 -1.042098283767700195e+00 4.780297279357910156e-01
8.407164216041564941e-01 -1.026181101799011230e+00 4.895152747631072998e-01
8.393134474754333496e-01 -1.010880231857299805e+00 4.995557069778442383e-01
8.356897234916687012e-01 -9.890179038047790527e-01 5.113224387168884277e-01
8.285567164421081543e-01 -9.427461624145507812e-01 5.368541479110717773e-01
8.180212378501892090e-01 -8.624508380889892578e-01 5.832351446151733398e-01
8.071190118789672852e-01 -7.951194047927856445e-01 6.180074810981750488e-01
7.999048829078674316e-01 -7.420860528945922852e-01 6.465045213699340820e-01
7.879041433334350586e-01 -6.853913664817810059e-01 6.704323291778564453e-01
7.750039100646972656e-01 -5.935438871383666992e-01 7.221837639808654785e-01
7.298967838287353516e-01 -4.324668049812316895e-01 7.836476564407348633e-01
6.445818543434143066e-01 -1.395583748817443848e-01 8.666818141937255859e-01
6.360946297645568848e-01 -1.007402613759040833e-01 8.835413455963134766e-01
6.300577521324157715e-01 -7.396811991930007935e-02 9.007682800292968750e-01
6.335186362266540527e-01 -8.203869313001632690e-02 8.990309238433837891e-01
6.334935426712036133e-01 -7.964459806680679321e-02 9.010534882545471191e-01
6.324835419654846191e-01 -7.550137490034103394e-02 9.030401706695556641e-01
6.312599778175354004e-01 -7.560947537422180176e-02 9.012014269828796387e-01
6.238199472427368164e-01 -6.531345844268798828e-02 8.982686996459960938e-01
6.367818713188171387e-01 -8.905441313982009888e-02 8.979754447937011719e-01
6.327367424964904785e-01 -7.521484047174453735e-02 9.037829637527465820e-01
6.325342059135437012e-01 -7.771096378564834595e-02 9.012259840965270996e-01
6.314441561698913574e-01 -8.529344946146011353e-02 8.932507038116455078e-01
6.320853829383850098e-01 -8.144032210111618042e-02 8.973828554153442383e-01
6.322646737098693848e-01 -7.472713291645050049e-02 9.034343957901000977e-01
6.349424123764038086e-01 -8.411178737878799438e-02 8.993675708770751953e-01
6.311269998550415039e-01 -7.098083943128585815e-02 9.047194719314575195e-01
6.267026066780090332e-01 -7.115866243839263916e-02 8.979582190513610840e-01
6.341070532798767090e-01 -8.227895945310592651e-02 8.999171257019042969e-01
6.285414695739746094e-01 -7.408027350902557373e-02 8.983776569366455078e-01
6.324072480201721191e-01 -8.234963566064834595e-02 8.972158432006835938e-01
6.273810267448425293e-01 -6.818524003028869629e-02 9.013669490814208984e-01
6.300852894783020020e-01 -7.326964288949966431e-02 9.012984037399291992e-01
6.270602345466613770e-01 -7.188301533460617065e-02 8.979407548904418945e-01
6.267986297607421875e-01 -6.965788453817367554e-02 8.992953896522521973e-01
6.283457875251770020e-01 -6.553626060485839844e-02 9.047772884368896484e-01
6.306650042533874512e-01 -7.440272718667984009e-02 9.013174772262573242e-01
6.246436238288879395e-01 -6.289677321910858154e-02 9.014856815338134766e-01
6.313098073005676270e-01 -8.036807924509048462e-02 8.971116542816162109e-01
6.289926171302795410e-01 -7.009371370077133179e-02 9.022387266159057617e-01
6.312038302421569824e-01 -7.672504335641860962e-02 9.000256061553955078e-01
6.318058371543884277e-01 -7.628826797008514404e-02 9.015036225318908691e-01
6.292043328285217285e-01 -7.243887335062026978e-02 9.006506800651550293e-01
6.275622248649597168e-01 -7.271867990493774414e-02 8.979660272598266602e-01
6.262256503105163574e-01 -6.374339014291763306e-02 9.031268358230590820e-01
6.308714747428894043e-01 -7.526712119579315186e-02 9.009484052658081055e-01
8.913406729698181152e-01 -1.365929961204528809e+00 3.028132915496826172e-01
8.913002610206604004e-01 -1.364815115928649902e+00 3.034918308258056641e-01
8.913883566856384277e-01 -1.362879276275634766e+00 3.051768541336059570e-01
8.915525674819946289e-01 -1.365352153778076172e+00 3.036246299743652344e-01
8.911895155906677246e-01 -1.364021182060241699e+00 3.040034472942352295e-01
8.916345834732055664e-01 -1.364298939704895020e+00 3.045473992824554443e-01
8.915916681289672852e-01 -1.364368438720703125e+00 3.044667243957519531e-01
8.915724158287048340e-01 -1.364363312721252441e+00 3.043185174465179443e-01
8.913270235061645508e-01 -1.365566492080688477e+00 3.029847443103790283e-01
8.915602564811706543e-01 -1.364890933036804199e+00 3.039846420288085938e-01
8.912901282310485840e-01 -1.360644221305847168e+00 3.069480955600738525e-01
8.915389180183410645e-01 -1.363544940948486328e+00 3.049352765083312988e-01
8.911462426185607910e-01 -1.363700389862060547e+00 3.041881918907165527e-01
8.914031386375427246e-01 -1.365651845932006836e+00 3.029810488224029541e-01
8.904299139976501465e-01 -1.364005804061889648e+00 3.027057945728302002e-01
8.900721073150634766e-01 -1.360257148742675781e+00 3.052161633968353271e-01
8.865069746971130371e-01 -1.351404666900634766e+00 3.064208626747131348e-01
8.823838233947753906e-01 -1.337953209877014160e+00 3.103284537792205811e-01
8.742252588272094727e-01 -1.313642621040344238e+00 3.163090646266937256e-01
8.665990233421325684e-01 -1.299880385398864746e+00 3.148216009140014648e-01
8.577744960784912109e-01 -1.282068848609924316e+00 3.146852254867553711e-01
8.508004546165466309e-01 -1.268040299415588379e+00 3.148711919784545898e-01
8.443182706832885742e-01 -1.254307508468627930e+00 3.155030310153961182e-01
8.382693529129028320e-01 -1.240195274353027344e+00 3.171137869358062744e-01
8.332683444023132324e-01 -1.227376818656921387e+00 3.193966746330261230e-01
8.323050737380981445e-01 -1.223945975303649902e+00 3.206039965152740479e-01
8.299855589866638184e-01 -1.218192696571350098e+00 3.214660286903381348e-01
8.307107090950012207e-01 -1.217121839523315430e+00 3.235189914703369141e-01
8.293384313583374023e-01 -1.217290997505187988e+00 3.211330771446228027e-01
8.318534493446350098e-01 -1.221436142921447754e+00 3.219678997993469238e-01
8.306069970130920410e-01 -1.219207286834716797e+00 3.216901719570159912e-01
8.302888274192810059e-01 -1.218545556068420410e+00 3.216976523399353027e-01
8.301019072532653809e-01 -1.217262268066406250e+00 3.224323391914367676e-01
8.324800729751586914e-01 -1.220249891281127930e+00 3.239263296127319336e-01
8.329172730445861816e-01 -1.219457387924194336e+00 3.253140449523925781e-01
8.366752266883850098e-01 -1.222918152809143066e+00 3.287058472633361816e-01
8.377751708030700684e-01 -1.212281942367553711e+00 3.391206860542297363e-01
8.388020396232604980e-01 -1.201092481613159180e+00 3.496549725532531738e-01
8.419821858406066895e-01 -1.189162969589233398e+00 3.641030192375183105e-01
8.423327803611755371e-01 -1.161239027976989746e+00 3.865110278129577637e-01
8.410936594009399414e-01 -1.128412604331970215e+00 4.100570380687713623e-01
8.437082171440124512e-01 -1.112701177597045898e+00 4.265067875385284424e-01
8.417067527770996094e-01 -1.084920048713684082e+00 4.448924064636230469e-01
8.415032625198364258e-01 -1.070827722549438477e+00 4.555612206459045410e-01
8.404525518417358398e-01 -1.051966786384582520e+00 4.687073826789855957e-01
8.427789807319641113e-01 -1.052208542823791504e+00 4.722950756549835205e-01
8.412240743637084961e-01 -1.042753458023071289e+00 4.771585166454315186e-01
8.392422795295715332e-01 -1.038975715637207031e+00 4.769392311573028564e-01
8.403743505477905273e-01 -1.037292003631591797e+00 4.800814092159271240e-01
8.411616683006286621e-01 -1.040803432464599609e+00 4.785665869712829590e-01
8.400744199752807617e-01 -1.039319753646850586e+00 4.779677987098693848e-01
8.407206535339355469e-01 -1.034859657287597656e+00 4.825881421566009521e-01
8.420534729957580566e-01 -1.043635487556457520e+00 4.777888357639312744e-01
8.396016359329223633e-01 -1.036700010299682617e+00 4.793340265750885010e-01
8.418075442314147949e-01 -1.036006927490234375e+00 4.835118353366851807e-01
8.397529721260070801e-01 -1.016962289810180664e+00 4.954834282398223877e-01
8.343874812126159668e-01 -9.785618782043457031e-01 5.175389051437377930e-01
8.265188932418823242e-01 -9.250802397727966309e-01 5.474522709846496582e-01
8.188490867614746094e-01 -8.679505586624145508e-01 5.802192687988281250e-01
8.070614337921142578e-01 -7.893681526184082031e-01 6.221928596496582031e-01
7.995003461837768555e-01 -7.435565590858459473e-01 6.447825431823730469e-01
7.876781821250915527e-01 -6.819799542427062988e-01 6.726965308189392090e-01
7.782512903213500977e-01 -6.044154763221740723e-01 7.183682322502136230e-01
7.340034842491149902e-01 -4.538873732089996338e-01 7.724410295486450195e-01
6.427294611930847168e-01 -1.315514594316482544e-01 8.702579736709594727e-01
6.340342164039611816e-01 -8.345838636159896851e-02 8.987954854965209961e-01
6.296033859252929688e-01 -7.384360581636428833e-02 9.001883268356323242e-01
6.290287375450134277e-01 -6.759835779666900635e-02 9.042198061943054199e-01
6.326220035552978516e-01 -7.565381377935409546e-02 9.032873511314392090e-01
6.269161105155944824e-01 -7.112924009561538696e-02 8.982525467872619629e-01
6.259784102439880371e-01 -7.031065970659255981e-02 8.975670337677001953e-01
6.321052312850952148e-01 -8.083207160234451294e-02 8.980745077133178711e-01
6.282702088356018066e-01 -7.249815762042999268e-02 8.991763591766357422e-01
6.282927393913269043e-01 -6.935419887304306030e-02 9.017707109451293945e-01
6.322368383407592773e-01 -7.879612594842910767e-02 8.999046087265014648e-01
6.284101605415344238e-01 -7.311967015266418457e-02 8.989458084106445312e-01
6.264899373054504395e-01 -6.914044916629791260e-02 8.992390632629394531e-01
6.308112740516662598e-01 -7.088968157768249512e-02 9.043178558349609375e-01
6.337532401084899902e-01 -7.516299188137054443e-02 9.053213596343994141e-01
6.262522339820861816e-01 -6.918124854564666748e-02 8.988514542579650879e-01
6.358532309532165527e-01 -8.389359712600708008e-02 9.009625911712646484e-01
6.303730607032775879e-01 -7.978440076112747192e-02 8.963078260421752930e-01
6.331859827041625977e-01 -7.938496023416519165e-02 9.010641574859619141e-01
6.291844248771667480e-01 -6.969877332448959351e-02 9.028679132461547852e-01
6.283789873123168945e-01 -7.167124003171920776e-02 9.000459909439086914e-01
6.278237700462341309e-01 -7.397007942199707031e-02 8.973616361618041992e-01
6.333264708518981934e-01 -7.842276990413665771e-02 9.021226167678833008e-01
6.266264915466308594e-01 -6.976872682571411133e-02 8.989672660827636719e-01
6.280985474586486816e-01 -7.299988716840744019e-02 8.985797166824340820e-01
6.293054223060607910e-01 -7.168672978878021240e-02 9.014230370521545410e-01
6.297983527183532715e-01 -6.920885294675827026e-02 9.041581153869628906e-01
6.309140324592590332e-01 -7.292164117097854614e-02 9.027897715568542480e-01
6.254780888557434082e-01 -6.613883376121520996e-02 9.001163244247436523e-01
6.296306252479553223e-01 -7.509468495845794678e-02 8.991966247558593750e-01
6.284341812133789062e-01 -6.854678690433502197e-02 9.026470780372619629e-01
6.270454525947570801e-01 -7.296063005924224854e-02 8.970148563385009766e-01
6.293106675148010254e-01 -7.534147799015045166e-02 8.985248804092407227e-01
6.238222718238830566e-01 -6.486552953720092773e-02 8.987060189247131348e-01
6.277567744255065918e-01 -6.969484686851501465e-02 9.006506204605102539e-01
8.916853070259094238e-01 -1.363920450210571289e+00 3.049287199974060059e-01
8.917090296745300293e-01 -1.362862825393676758e+00 3.058436810970306396e-01
8.915044069290161133e-01 -1.364869952201843262e+00 3.038495182991027832e-01
8.913298249244689941e-01 -1.363286256790161133e+00 3.049262762069702148e-01
8.917909264564514160e-01 -1.362437486648559570e+00 3.063271939754486084e-01
8.913263678550720215e-01 -1.364302635192871094e+00 3.040246963500976562e-01
8.916830420494079590e-01 -1.364316105842590332e+00 3.046400547027587891e-01
8.914912939071655273e-01 -1.363620758056640625e+00 3.047524988651275635e-01
8.912246227264404297e-01 -1.365301966667175293e+00 3.031142055988311768e-01
8.916721940040588379e-01 -1.363810181617736816e+00 3.049981594085693359e-01
8.916490674018859863e-01 -1.363945245742797852e+00 3.048848509788513184e-01
8.912816643714904785e-01 -1.364913463592529297e+00 3.033645749092102051e-01
8.913251757621765137e-01 -1.365256190299987793e+00 3.033100962638854980e-01
8.917288184165954590e-01 -1.363742113113403320e+00 3.052379190921783447e-01
8.906778693199157715e-01 -1.359864711761474609e+00 3.065274953842163086e-01
8.895280957221984863e-01 -1.347699522972106934e+00 3.142839372158050537e-01
8.884347081184387207e-01 -1.339044809341430664e+00 3.194469213485717773e-01
8.858276605606079102e-01 -1.319296836853027344e+00 3.309261500835418701e-01
8.828667402267456055e-01 -1.295826435089111328e+00 3.446112573146820068e-01
8.784726262092590332e-01 -1.276870846748352051e+00 3.521490991115570068e-01
8.771929144859313965e-01 -1.260792851448059082e+00 3.627928793430328369e-01
8.769887685775756836e-01 -1.248429536819458008e+00 3.721569478511810303e-01
8.768152594566345215e-01 -1.235180258750915527e+00 3.822036683559417725e-01
8.762350082397460938e-01 -1.224872231483459473e+00 3.893783092498779297e-01
8.746059536933898926e-01 -1.213389992713928223e+00 3.959751725196838379e-01
8.726322650909423828e-01 -1.202534198760986328e+00 4.016018509864807129e-01
8.719463348388671875e-01 -1.197687149047851562e+00 4.043976664543151855e-01
8.716632723808288574e-01 -1.194091320037841797e+00 4.066991806030273438e-01
8.720611929893493652e-01 -1.199132680892944336e+00 4.034641385078430176e-01
8.717403411865234375e-01 -1.194230079650878906e+00 4.067499935626983643e-01
8.712539076805114746e-01 -1.191209316253662109e+00 4.084985256195068359e-01
8.715651035308837891e-01 -1.195525169372558594e+00 4.056097865104675293e-01
8.722392320632934570e-01 -1.198731780052185059e+00 4.040685594081878662e-01
8.719027638435363770e-01 -1.192556381225585938e+00 4.082239568233489990e-01
8.712767958641052246e-01 -1.187912702560424805e+00 4.110318124294281006e-01
8.709368109703063965e-01 -1.179387331008911133e+00 4.171133637428283691e-01
8.712192177772521973e-01 -1.175884723663330078e+00 4.203096330165863037e-01
8.689443469047546387e-01 -1.150936841964721680e+00 4.363971352577209473e-01
8.651739358901977539e-01 -1.118346929550170898e+00 4.558482766151428223e-01
8.610180020332336426e-01 -1.104466915130615234e+00 4.599571824073791504e-01
8.573117256164550781e-01 -1.085739850997924805e+00 4.687329232692718506e-01
8.539115190505981445e-01 -1.065901398658752441e+00 4.788578450679779053e-01
8.520864844322204590e-01 -1.045998454093933105e+00 4.916640222072601318e-01
8.509563803672790527e-01 -1.030874609947204590e+00 5.016368031501770020e-01
8.508763313293457031e-01 -1.017339944839477539e+00 5.119826793670654297e-01
8.521053791046142578e-01 -1.009226918220520020e+00 5.200721621513366699e-01
8.522377610206604004e-01 -1.007487535476684570e+00 5.217124223709106445e-01
8.519477844238281250e-01 -1.006820440292358398e+00 5.217110514640808105e-01
8.521820902824401855e-01 -1.005523324012756348e+00 5.231021642684936523e-01
8.525784611701965332e-01 -1.002881765365600586e+00 5.257507562637329102e-01
8.526805639266967773e-01 -1.003808736801147461e+00 5.251988172531127930e-01
8.527671694755554199e-01 -1.003287911415100098e+00 5.257372856140136719e-01
8.524561524391174316e-01 -1.004698395729064941e+00 5.241279602050781250e-01
8.530044555664062500e-01 -1.003723025321960449e+00 5.258747935295104980e-01
8.514878153800964355e-01 -1.002237796783447266e+00 5.243096351623535156e-01
8.481654524803161621e-01 -9.897404909133911133e-01 5.286574959754943848e-01
8.392768502235412598e-01 -9.525070786476135254e-01 5.431795120239257812e-01
8.301857113838195801e-01 -9.144798517227172852e-01 5.582516193389892578e-01
8.148768544197082520e-01 -8.545212745666503906e-01 5.813267230987548828e-01
7.947342991828918457e-01 -7.627336978912353516e-01 6.228652000427246094e-01
7.804979681968688965e-01 -6.922683715820312500e-01 6.566338539123535156e-01
7.445605397224426270e-01 -6.062386035919189453e-01 6.683472990989685059e-01
7.246553301811218262e-01 -5.174155235290527344e-01 7.086113095283508301e-01
7.134428024291992188e-01 -4.408340454101562500e-01 7.508708238601684570e-01
6.697526574134826660e-01 -2.639993429183959961e-01 8.162851333618164062e-01
6.599025130271911621e-01 -1.951079219579696655e-01 8.445244431495666504e-01
6.365689635276794434e-01 -8.625898510217666626e-02 8.906557559967041016e-01
6.390120387077331543e-01 -8.904816955327987671e-02 8.917036056518554688e-01
6.377868056297302246e-01 -8.631981164216995239e-02 8.922058939933776855e-01
6.377419829368591309e-01 -8.846590667963027954e-02 8.904247283935546875e-01
6.366679072380065918e-01 -8.624161034822463989e-02 8.908108472824096680e-01
6.398732662200927734e-01 -8.923220634460449219e-02 8.926860094070434570e-01
6.403867006301879883e-01 -8.939320594072341919e-02 8.933183550834655762e-01
6.375116109848022461e-01 -8.642704039812088013e-02 8.918340206146240234e-01
6.406744122505187988e-01 -9.253342449665069580e-02 8.912523388862609863e-01
6.349949240684509277e-01 -8.405285328626632690e-02 8.902362585067749023e-01
6.381964087486267090e-01 -8.774062246084213257e-02 8.916220664978027344e-01
6.379148364067077637e-01 -8.882240206003189087e-02 8.903729319572448730e-01
6.415196061134338379e-01 -9.208919852972030640e-02 8.926926851272583008e-01
6.414408087730407715e-01 -9.221410006284713745e-02 8.925806283950805664e-01
6.391901373863220215e-01 -8.775693923234939575e-02 8.929703235626220703e-01
6.370605826377868652e-01 -8.642212301492691040e-02 8.911327123641967773e-01
6.397212147712707520e-01 -8.922550827264785767e-02 8.925157785415649414e-01
6.343650817871093750e-01 -8.408329635858535767e-02 8.894057273864746094e-01
6.405250430107116699e-01 -9.076450765132904053e-02 8.924843072891235352e-01
6.362193226814270020e-01 -8.716708421707153320e-02 8.894345760345458984e-01
6.369609236717224121e-01 -8.800323307514190674e-02 8.898085355758666992e-01
6.395668387413024902e-01 -8.932163566350936890e-02 8.922019004821777344e-01
6.384731531143188477e-01 -8.891376107931137085e-02 8.911371231079101562e-01
6.341832280158996582e-01 -8.379551768302917480e-02 8.893484473228454590e-01
6.379565596580505371e-01 -8.654435724020004272e-02 8.922372460365295410e-01
6.397306323051452637e-01 -9.127888828516006470e-02 8.909474611282348633e-01
6.416743397712707520e-01 -9.282035380601882935e-02 8.923599720001220703e-01
6.424953937530517578e-01 -9.358020871877670288e-02 8.929162025451660156e-01
6.385483145713806152e-01 -8.973886817693710327e-02 8.906227350234985352e-01
6.364025473594665527e-01 -8.731014281511306763e-02 8.895772099494934082e-01
6.382458806037902832e-01 -8.883088082075119019e-02 8.908848762512207031e-01
6.353102326393127441e-01 -8.489522337913513184e-02 8.900022506713867188e-01
6.366559863090515137e-01 -8.532051742076873779e-02 8.915022015571594238e-01
8.915041089057922363e-01 -1.363907814025878906e+00 3.045961856842041016e-01
8.911206126213073730e-01 -1.366244792938232422e+00 3.021054565906524658e-01
8.916973471641540527e-01 -1.363585948944091797e+00 3.052018284797668457e-01
8.916113376617431641e-01 -1.364524841308593750e+00 3.042912781238555908e-01
8.915050625801086426e-01 -1.364015936851501465e+00 3.045093715190887451e-01
8.917606472969055176e-01 -1.364185452461242676e+00 3.048371374607086182e-01
8.910815715789794922e-01 -1.364875078201293945e+00 3.031482398509979248e-01
8.914221525192260742e-01 -1.363965988159179688e+00 3.045042157173156738e-01
8.917016386985778809e-01 -1.364460229873657227e+00 3.045252561569213867e-01
8.915732502937316895e-01 -1.363786101341247559e+00 3.048055768013000488e-01
8.912270069122314453e-01 -1.364396452903747559e+00 3.036655783653259277e-01
8.912770152091979980e-01 -1.365212559700012207e+00 3.032328784465789795e-01
8.911585211753845215e-01 -1.362322807312011719e+00 3.051499724388122559e-01
8.913544416427612305e-01 -1.363499402999877930e+00 3.046761453151702881e-01
8.909854292869567871e-01 -1.360387802124023438e+00 3.065592050552368164e-01
8.904352188110351562e-01 -1.353933334350585938e+00 3.108308613300323486e-01
8.886697888374328613e-01 -1.341012239456176758e+00 3.182976245880126953e-01
8.857813477516174316e-01 -1.316237449645996094e+00 3.332148790359497070e-01
8.824260830879211426e-01 -1.296510338783264160e+00 3.432056903839111328e-01
8.795837163925170898e-01 -1.280069112777709961e+00 3.515539765357971191e-01
8.773025274276733398e-01 -1.263964891433715820e+00 3.605382442474365234e-01
8.770095109939575195e-01 -1.247885227203369141e+00 3.725969195365905762e-01
8.767969012260437012e-01 -1.237320661544799805e+00 3.804966211318969727e-01
8.754543066024780273e-01 -1.221099376678466797e+00 3.911146223545074463e-01
8.746402859687805176e-01 -1.213371038436889648e+00 3.960373997688293457e-01
8.725183010101318359e-01 -1.202800750732421875e+00 4.012674093246459961e-01
8.725908398628234863e-01 -1.202340841293334961e+00 4.017584621906280518e-01
8.720065951347351074e-01 -1.195947527885437012e+00 4.058288037776947021e-01
8.724890947341918945e-01 -1.195489525794982910e+00 4.067530333995819092e-01
8.704175949096679688e-01 -1.183996200561523438e+00 4.127044677734375000e-01
8.714133501052856445e-01 -1.192370057106018066e+00 4.077399671077728271e-01
8.715022802352905273e-01 -1.193811416625976562e+00 4.068024456501007080e-01
8.713082671165466309e-01 -1.192502737045288086e+00 4.074824452400207520e-01
8.719083070755004883e-01 -1.192805051803588867e+00 4.081813991069793701e-01
8.715609908103942871e-01 -1.188338279724121094e+00 4.110699594020843506e-01
8.713142275810241699e-01 -1.180019974708557129e+00 4.171806871891021729e-01
8.698732256889343262e-01 -1.167761206626892090e+00 4.246307611465454102e-01
8.690527081489562988e-01 -1.153400182723999023e+00 4.346308708190917969e-01
8.653582930564880371e-01 -1.125794053077697754e+00 4.502940773963928223e-01
8.606066107749938965e-01 -1.105439901351928711e+00 4.584842920303344727e-01
8.570252656936645508e-01 -1.087710499763488770e+00 4.666448533535003662e-01
8.541229367256164551e-01 -1.068699836730957031e+00 4.769688546657562256e-01
8.523891568183898926e-01 -1.050645828247070312e+00 4.884466826915740967e-01
8.514197468757629395e-01 -1.028801560401916504e+00 5.039567351341247559e-01
8.512082695960998535e-01 -1.019671797752380371e+00 5.106993317604064941e-01
8.509958982467651367e-01 -1.011761903762817383e+00 5.164270997047424316e-01
8.521080613136291504e-01 -1.005533576011657715e+00 5.230325460433959961e-01
8.531590104103088379e-01 -1.001669287681579590e+00 5.276332497596740723e-01
8.515824079513549805e-01 -1.007891774177551270e+00 5.203363299369812012e-01
8.528961539268493652e-01 -1.003380537033081055e+00 5.258642435073852539e-01
8.532849550247192383e-01 -1.000723719596862793e+00 5.285977721214294434e-01
8.536184430122375488e-01 -1.000634431838989258e+00 5.291464328765869141e-01
8.533975481986999512e-01 -1.004013180732727051e+00 5.261521339416503906e-01
8.530920147895812988e-01 -1.002967834472656250e+00 5.264886021614074707e-01
8.507589697837829590e-01 -9.945360422134399414e-01 5.291198492050170898e-01
8.472173213958740234e-01 -9.870389699935913086e-01 5.292239189147949219e-01
8.367124199867248535e-01 -9.438915252685546875e-01 5.457784533500671387e-01
8.276337385177612305e-01 -9.036044478416442871e-01 5.626705884933471680e-01
8.100249171257019043e-01 -8.340258598327636719e-01 5.900308489799499512e-01
7.946880459785461426e-01 -7.644857168197631836e-01 6.212089061737060547e-01
7.770603895187377930e-01 -6.826369762420654297e-01 6.589072942733764648e-01
7.407707571983337402e-01 -5.989441871643066406e-01 6.681426763534545898e-01
7.252863645553588867e-01 -5.188664197921752930e-01 7.084909081459045410e-01
7.006790041923522949e-01 -4.015513658523559570e-01 7.601953744888305664e-01
6.706961989402770996e-01 -2.629680037498474121e-01 8.186144232749938965e-01
6.464393734931945801e-01 -1.277492046356201172e-01 8.728340864181518555e-01
6.431273818016052246e-01 -9.305652976036071777e-02 8.940253853797912598e-01
6.376327872276306152e-01 -8.766971528530120850e-02 8.910211324691772461e-01
6.394167542457580566e-01 -9.193012863397598267e-02 8.899835944175720215e-01
6.396464705467224121e-01 -9.122910350561141968e-02 8.909022212028503418e-01
6.373093724250793457e-01 -8.613903820514678955e-02 8.916674852371215820e-01
6.376488208770751953e-01 -8.776151388883590698e-02 8.909413218498229980e-01
6.373128294944763184e-01 -8.695793896913528442e-02 8.910554647445678711e-01
6.383133530616760254e-01 -8.809478580951690674e-02 8.914914131164550781e-01
6.368047595024108887e-01 -8.722057193517684937e-02 8.901818990707397461e-01
6.390048861503601074e-01 -9.005686640739440918e-02 8.909056782722473145e-01
6.372501254081726074e-01 -8.794068545103073120e-02 8.902227878570556641e-01
6.385509371757507324e-01 -8.838066458702087402e-02 8.916435837745666504e-01
6.371655464172363281e-01 -8.801282197237014771e-02 8.900819420814514160e-01
6.375623941421508789e-01 -8.688857406377792358e-02 8.914691209793090820e-01
6.339302062988281250e-01 -8.467017114162445068e-02 8.883455991744995117e-01
6.383303403854370117e-01 -8.716758340597152710e-02 8.923135995864868164e-01
6.367089748382568359e-01 -8.594800531864166260e-02 8.909713029861450195e-01
6.397359967231750488e-01 -9.030494838953018188e-02 8.917583227157592773e-01
6.397915482521057129e-01 -9.118212014436721802e-02 8.911057114601135254e-01
6.420671939849853516e-01 -9.309176355600357056e-02 8.926622867584228516e-01
6.402086615562438965e-01 -9.066718071699142456e-02 8.920480012893676758e-01
6.365354657173156738e-01 -8.699684590101242065e-02 8.900047540664672852e-01
6.390654444694519043e-01 -8.865270018577575684e-02 8.920500278472900391e-01
6.373009085655212402e-01 -8.758086711168289185e-02 8.905690908432006836e-01
6.361923813819885254e-01 -8.791037648916244507e-02 8.888621330261230469e-01
6.418693661689758301e-01 -9.089769423007965088e-02 8.940778970718383789e-01
6.399502158164978027e-01 -8.852613717317581177e-02 8.934229612350463867e-01
6.369100213050842285e-01 -8.586905151605606079e-02 8.914055824279785156e-01
6.385145783424377441e-01 -8.881095796823501587e-02 8.912259936332702637e-01
6.382895112037658691e-01 -8.918102830648422241e-02 8.907029032707214355e-01
6.378323435783386230e-01 -8.770991116762161255e-02 8.912123441696166992e-01
6.367657184600830078e-01 -8.777392655611038208e-02 8.897030353546142578e-01
6.376895308494567871e-01 -8.795510977506637573e-02 8.908030986785888672e-01
8.907024860382080078e-01 -1.362115859985351562e+00 3.046484589576721191e-01
8.909894824028015137e-01 -1.365629553794860840e+00 3.024601936340332031e-01
8.918292522430419922e-01 -1.364095449447631836e+00 3.050916492938995361e-01
8.916324973106384277e-01 -1.363431811332702637e+00 3.052455484867095947e-01
8.914228677749633789e-01 -1.364627361297607422e+00 3.039514720439910889e-01
8.906506896018981934e-01 -1.361119270324707031e+00 3.053052723407745361e-01
8.910638689994812012e-01 -1.365046381950378418e+00 3.029372692108154297e-01
8.917127251625061035e-01 -1.364055395126342773e+00 3.048714995384216309e-01
8.913948535919189453e-01 -1.364868402481079102e+00 3.036360740661621094e-01
8.914669752120971680e-01 -1.364754796028137207e+00 3.040068745613098145e-01
8.907833099365234375e-01 -1.362676978111267090e+00 3.045598864555358887e-01
8.913289904594421387e-01 -1.364098429679870605e+00 3.041125237941741943e-01
8.915237188339233398e-01 -1.364144325256347656e+00 3.046074509620666504e-01
8.914306163787841797e-01 -1.365141749382019043e+00 3.034633696079254150e-01
8.909165263175964355e-01 -1.359598755836486816e+00 3.070348203182220459e-01
8.895782232284545898e-01 -1.359949231147766113e+00 3.046506941318511963e-01
8.867641091346740723e-01 -1.353541731834411621e+00 3.051610887050628662e-01
8.813709616661071777e-01 -1.336305022239685059e+00 3.099681735038757324e-01
8.744158148765563965e-01 -1.314632415771484375e+00 3.158773481845855713e-01
8.666110038757324219e-01 -1.299320101737976074e+00 3.151923716068267822e-01
8.570721745491027832e-01 -1.279991626739501953e+00 3.151842653751373291e-01
8.506352901458740234e-01 -1.267457246780395508e+00 3.150467574596405029e-01
8.427350521087646484e-01 -1.251629352569580078e+00 3.150823414325714111e-01
8.355022668838500977e-01 -1.236190676689147949e+00 3.158060014247894287e-01
8.322222828865051270e-01 -1.228808641433715820e+00 3.165197074413299561e-01
8.299395442008972168e-01 -1.220660567283630371e+00 3.193718194961547852e-01
8.322724699974060059e-01 -1.222356200218200684e+00 3.218843042850494385e-01
8.304805159568786621e-01 -1.217951536178588867e+00 3.225046992301940918e-01
8.309122323989868164e-01 -1.221037626266479492e+00 3.207172155380249023e-01
8.313525319099426270e-01 -1.218407511711120605e+00 3.236075639724731445e-01
8.295180797576904297e-01 -1.216015696525573730e+00 3.224731683731079102e-01
8.308498859405517578e-01 -1.220180511474609375e+00 3.213062882423400879e-01
8.306376934051513672e-01 -1.219058632850646973e+00 3.218513131141662598e-01
8.304048180580139160e-01 -1.217538356781005859e+00 3.227262496948242188e-01
8.262571692466735840e-01 -1.209940671920776367e+00 3.219610154628753662e-01
8.253126144409179688e-01 -1.209404587745666504e+00 3.207897543907165527e-01
8.208857178688049316e-01 -1.200289964675903320e+00 3.207654953002929688e-01
8.135601878166198730e-01 -1.183307290077209473e+00 3.223011791706085205e-01
8.054134249687194824e-01 -1.168401122093200684e+00 3.207616209983825684e-01
7.958439588546752930e-01 -1.152120709419250488e+00 3.179913759231567383e-01
7.847464084625244141e-01 -1.134878873825073242e+00 3.133333325386047363e-01
7.713094353675842285e-01 -1.114418387413024902e+00 3.072330653667449951e-01
7.576264739036560059e-01 -1.090573430061340332e+00 3.037348091602325439e-01
7.496979832649230957e-01 -1.074093222618103027e+00 3.036084175109863281e-01
7.481182813644409180e-01 -1.069678306579589844e+00 3.042177557945251465e-01
7.271625399589538574e-01 -1.040661692619323730e+00 2.938193678855895996e-01
7.294257879257202148e-01 -1.047596693038940430e+00 2.919655442237854004e-01
7.225443124771118164e-01 -1.036524653434753418e+00 2.898010909557342529e-01
7.340651154518127441e-01 -1.051298856735229492e+00 2.962958216667175293e-01
7.242639660835266113e-01 -1.041625261306762695e+00 2.884244918823242188e-01
7.242062687873840332e-01 -1.039897561073303223e+00 2.897495329380035400e-01
7.177947163581848145e-01 -1.029398798942565918e+00 2.876809239387512207e-01
7.375051975250244141e-01 -1.048712491989135742e+00 3.037953376770019531e-01
7.245525121688842773e-01 -1.038296699523925781e+00 2.914330959320068359e-01
7.186105847358703613e-01 -1.038127422332763672e+00 2.822716534137725830e-01
6.865108609199523926e-01 -1.022735476493835449e+00 2.425075471401214600e-01
6.508659720420837402e-01 -1.007100701332092285e+00 1.962987780570983887e-01
5.989980101585388184e-01 -9.794250726699829102e-01 1.312421560287475586e-01
5.362475514411926270e-01 -9.612983465194702148e-01 4.161436110734939575e-02
4.905245304107666016e-01 -9.474376440048217773e-01 -2.341537922620773315e-02
4.229356050491333008e-01 -9.413537979125976562e-01 -1.309592723846435547e-01
3.685497343540191650e-01 -9.317081570625305176e-01 -2.168349325656890869e-01
3.024719059467315674e-01 -8.909622430801391602e-01 -3.042223751544952393e-01
1.699950695037841797e-01 -8.156441450119018555e-01 -4.578075706958770752e-01
3.361532092094421387e-02 -7.451390027999877930e-01 -5.788043141365051270e-01
4.238083958625793457e-03 -7.372025251388549805e-01 -6.158486008644104004e-01
5.677774548530578613e-03 -7.405930757522583008e-01 -6.164741516113281250e-01
-5.771391093730926514e-03 -7.400994300842285156e-01 -6.338572502136230469e-01
-1.347453147172927856e-02 -7.425404787063598633e-01 -6.478388309478759766e-01
-7.099613547325134277e-03 -7.451200485229492188e-01 -6.402636766433715820e-01
-1.089917868375778198e-02 -7.417931556701660156e-01 -6.433055996894836426e-01
-1.083344221115112305e-02 -7.414852976799011230e-01 -6.428595185279846191e-01
-1.337888836860656738e-02 -7.403499484062194824e-01 -6.459356546401977539e-01
-1.334688812494277954e-02 -7.357155084609985352e-01 -6.423147916793823242e-01
-5.336180329322814941e-04 -7.390986084938049316e-01 -6.249235272407531738e-01
-1.472359150648117065e-02 -7.439121603965759277e-01 -6.512635350227355957e-01
-1.113092899322509766e-02 -7.436189055442810059e-01 -6.450852751731872559e-01
-5.260728299617767334e-03 -7.388603687286376953e-01 -6.321687698364257812e-01
-1.290557533502578735e-02 -7.431142926216125488e-01 -6.475030779838562012e-01
-8.232988417148590088e-03 -7.354521751403808594e-01 -6.337816715240478516e-01
-1.377110928297042847e-02 -7.473943829536437988e-01 -6.525328159332275391e-01
-1.183168590068817139e-02 -7.459152936935424805e-01 -6.482452750205993652e-01
-1.354933530092239380e-02 -7.452973723411560059e-01 -6.502568721771240234e-01
-1.148113608360290527e-02 -7.412087917327880859e-01 -6.436070799827575684e-01
-8.472211658954620361e-03 -7.404578924179077148e-01 -6.385172009468078613e-01
-1.755512505769729614e-02 -7.430287599563598633e-01 -6.556029915809631348e-01
-1.050513237714767456e-02 -7.460922002792358398e-01 -6.463624238967895508e-01
-4.529289901256561279e-03 -7.444884777069091797e-01 -6.358008384704589844e-01
-1.466611772775650024e-02 -7.384345531463623047e-01 -6.469095349311828613e-01
-1.457364857196807861e-02 -7.425510883331298828e-01 -6.499538421630859375e-01
-1.445075869560241699e-02 -7.410496473312377930e-01 -6.484921574592590332e-01
-1.722995191812515259e-02 -7.382652759552001953e-01 -6.512063145637512207e-01
-7.217749953269958496e-03 -7.360479235649108887e-01 -6.326899528503417969e-01
-1.042602956295013428e-02 -7.482447028160095215e-01 -6.480843424797058105e-01
-1.413945853710174561e-02 -7.459833621978759766e-01 -6.518284678459167480e-01
-1.139099150896072388e-02 -7.390441298484802246e-01 -6.416209936141967773e-01
-6.106987595558166504e-03 -7.343757152557373047e-01 -6.296405792236328125e-01
-1.074585318565368652e-02 -7.388801574707031250e-01 -6.405318975448608398e-01
-2.040298283100128174e-02 -7.432324886322021484e-01 -6.605632901191711426e-01
8.904170393943786621e-01 -1.358414292335510254e+00 3.071174919605255127e-01
8.913312554359436035e-01 -1.363765835762023926e+00 3.044652342796325684e-01
8.914625048637390137e-01 -1.363148927688598633e+00 3.052499294281005859e-01
8.898369669914245605e-01 -1.359063863754272461e+00 3.056316375732421875e-01
8.915345072746276855e-01 -1.363910079002380371e+00 3.046188056468963623e-01
8.916351199150085449e-01 -1.364350318908691406e+00 3.045144379138946533e-01
8.912405967712402344e-01 -1.365310430526733398e+00 3.031524717807769775e-01
8.914590477943420410e-01 -1.363713145256042480e+00 3.046575188636779785e-01
8.910455703735351562e-01 -1.362394452095031738e+00 3.049726784229278564e-01
8.914775252342224121e-01 -1.364060044288635254e+00 3.043678104877471924e-01
8.916227817535400391e-01 -1.365328073501586914e+00 3.036811947822570801e-01
8.915215730667114258e-01 -1.362845659255981445e+00 3.055517077445983887e-01
8.915600180625915527e-01 -1.364126563072204590e+00 3.046044409275054932e-01
8.914211392402648926e-01 -1.361864566802978516e+00 3.061642944812774658e-01
8.905733227729797363e-01 -1.361021518707275391e+00 3.054864406585693359e-01
8.898907303810119629e-01 -1.359696030616760254e+00 3.052987754344940186e-01
8.879827857017517090e-01 -1.354696631431579590e+00 3.061632215976715088e-01
8.815331459045410156e-01 -1.335794448852539062e+00 3.107091784477233887e-01
8.748733401298522949e-01 -1.316295385360717773e+00 3.152235746383666992e-01
8.674104213714599609e-01 -1.301393270492553711e+00 3.149772882461547852e-01
8.566991090774536133e-01 -1.281651258468627930e+00 3.132715523242950439e-01
8.492279052734375000e-01 -1.266237139701843262e+00 3.136638402938842773e-01
8.415743112564086914e-01 -1.247761368751525879e+00 3.163053095340728760e-01
8.355933427810668945e-01 -1.236905813217163086e+00 3.153888583183288574e-01
8.315227627754211426e-01 -1.224353909492492676e+00 3.189730048179626465e-01
8.321741819381713867e-01 -1.224397301673889160e+00 3.200350403785705566e-01
8.304859399795532227e-01 -1.219120979309082031e+00 3.215483427047729492e-01
8.295064568519592285e-01 -1.215563535690307617e+00 3.228034675121307373e-01
8.295310139656066895e-01 -1.213673472404479980e+00 3.243444263935089111e-01
8.292559981346130371e-01 -1.213806033134460449e+00 3.238357007503509521e-01
8.317962288856506348e-01 -1.220560431480407715e+00 3.225760459899902344e-01
8.309630751609802246e-01 -1.219885826110839844e+00 3.217348754405975342e-01
8.291350007057189941e-01 -1.216771721839904785e+00 3.212041258811950684e-01
8.297402858734130859e-01 -1.217891216278076172e+00 3.213074207305908203e-01
8.330531716346740723e-01 -1.221190214157104492e+00 3.241589963436126709e-01
8.350216150283813477e-01 -1.222307443618774414e+00 3.264718353748321533e-01
8.378205895423889160e-01 -1.209839463233947754e+00 3.411527276039123535e-01
8.396325707435607910e-01 -1.202495336532592773e+00 3.498564660549163818e-01
8.401001691818237305e-01 -1.184107422828674316e+00 3.650873899459838867e-01
8.410313725471496582e-01 -1.153216242790222168e+00 3.906460702419281006e-01
8.433822393417358398e-01 -1.140014886856079102e+00 4.047471880912780762e-01
8.443487286567687988e-01 -1.115681171417236328e+00 4.252099692821502686e-01
8.421220183372497559e-01 -1.086833238601684570e+00 4.441296458244323730e-01
8.435527682304382324e-01 -1.070207476615905762e+00 4.593690335750579834e-01
8.405275344848632812e-01 -1.054683327674865723e+00 4.667344093322753906e-01
8.424811959266662598e-01 -1.048509001731872559e+00 4.747117757797241211e-01
8.404269814491271973e-01 -1.043960332870483398e+00 4.749391078948974609e-01
8.378557562828063965e-01 -1.033846855163574219e+00 4.787358343601226807e-01
8.392595648765563965e-01 -1.035270571708679199e+00 4.798712730407714844e-01
8.412847518920898438e-01 -1.038449048995971680e+00 4.806676208972930908e-01
8.378879427909851074e-01 -1.029689788818359375e+00 4.820902049541473389e-01
8.384433984756469727e-01 -1.027642369270324707e+00 4.845813214778900146e-01
8.397194147109985352e-01 -1.034759044647216797e+00 4.810336530208587646e-01
8.359234929084777832e-01 -1.025401830673217773e+00 4.822595417499542236e-01
8.372842669486999512e-01 -1.032290935516357422e+00 4.791065156459808350e-01
8.301773667335510254e-01 -1.005799174308776855e+00 4.883815348148345947e-01
8.227254748344421387e-01 -9.725002050399780273e-01 5.028593540191650391e-01
8.120431900024414062e-01 -9.325317740440368652e-01 5.174704790115356445e-01
7.999414801597595215e-01 -8.716753721237182617e-01 5.465605258941650391e-01
7.779946327209472656e-01 -7.912760972976684570e-01 5.744303464889526367e-01
7.668120861053466797e-01 -7.378855943679809570e-01 5.986252427101135254e-01
7.582519650459289551e-01 -6.945736408233642578e-01 6.195043921470642090e-01
7.524873614311218262e-01 -6.373223066329956055e-01 6.578139066696166992e-01
7.445089817047119141e-01 -5.810335278511047363e-01 6.915311813354492188e-01
6.983816027641296387e-01 -3.880384564399719238e-01 7.668924331665039062e-01
6.370068192481994629e-01 -1.485221236944198608e-01 8.468409776687622070e-01
6.224477887153625488e-01 -8.489008992910385132e-02 8.763724565505981445e-01
6.141020655632019043e-01 -6.730368733406066895e-02 8.785510659217834473e-01
6.283014416694641113e-01 -1.164700314402580261e-01 8.591005206108093262e-01
6.113647222518920898e-01 -6.211351603269577026e-02 8.788592815399169922e-01
6.245377659797668457e-01 -9.631369262933731079e-02 8.698217868804931641e-01
6.169066429138183594e-01 -7.314619421958923340e-02 8.779485225677490234e-01
6.108434796333312988e-01 -6.137021631002426147e-02 8.787165880203247070e-01
6.111361980438232422e-01 -6.157106161117553711e-02 8.789452314376831055e-01
6.091962456703186035e-01 -5.746322870254516602e-02 8.793835639953613281e-01
6.121636629104614258e-01 -6.405204534530639648e-02 8.784010410308837891e-01
6.089039444923400879e-01 -5.753719806671142578e-02 8.789747953414916992e-01
6.223043799400329590e-01 -8.270270377397537231e-02 8.780853748321533203e-01
6.200541853904724121e-01 -7.888806611299514771e-02 8.777998089790344238e-01
6.212375760078430176e-01 -8.121169358491897583e-02 8.776731491088867188e-01
6.224315166473388672e-01 -8.470626175403594971e-02 8.764829635620117188e-01
6.121031045913696289e-01 -6.358367204666137695e-02 8.787941932678222656e-01
6.146867871284484863e-01 -6.807805597782135010e-02 8.787494897842407227e-01
6.155380606651306152e-01 -6.997015327215194702e-02 8.784417510032653809e-01
6.175850033760070801e-01 -7.402504980564117432e-02 8.781339526176452637e-01
6.171636581420898438e-01 -7.286734133958816528e-02 8.786060810089111328e-01
6.215060353279113770e-01 -8.194099366664886475e-02 8.773841857910156250e-01
6.127833724021911621e-01 -6.475088745355606079e-02 8.788486719131469727e-01
6.251741051673889160e-01 -9.888909012079238892e-02 8.687846660614013672e-01
6.129308342933654785e-01 -6.551420688629150391e-02 8.784209489822387695e-01
6.205611228942871094e-01 -7.982312887907028198e-02 8.778157234191894531e-01
6.235672831535339355e-01 -9.160868078470230103e-02 8.725164532661437988e-01
6.201201081275939941e-01 -7.927160710096359253e-02 8.775248527526855469e-01
6.143959760665893555e-01 -6.756398826837539673e-02 8.789187073707580566e-01
6.201289296150207520e-01 -7.895515859127044678e-02 8.779307603836059570e-01
6.115354895591735840e-01 -6.185972690582275391e-02 8.792516589164733887e-01
6.226137280464172363e-01 -8.627023547887802124e-02 8.755030632019042969e-01
6.139563918113708496e-01 -6.753321737051010132e-02 8.783901333808898926e-01
6.189476847648620605e-01 -7.674307376146316528e-02 8.780670762062072754e-01
8.917682766914367676e-01 -1.363300085067749023e+00 3.055958449840545654e-01
8.904308676719665527e-01 -1.362777233123779297e+00 3.036786019802093506e-01
8.913860917091369629e-01 -1.363936901092529297e+00 3.042914271354675293e-01
8.915550112724304199e-01 -1.363670825958251953e+00 3.048664927482604980e-01
8.907555937767028809e-01 -1.360103368759155273e+00 3.064184784889221191e-01
8.912660479545593262e-01 -1.365180134773254395e+00 3.032094240188598633e-01
8.917072415351867676e-01 -1.363508462905883789e+00 3.053069412708282471e-01
8.916863799095153809e-01 -1.364502668380737305e+00 3.045133054256439209e-01
8.915531039237976074e-01 -1.362872719764709473e+00 3.055059909820556641e-01
8.911327719688415527e-01 -1.366163849830627441e+00 3.022848069667816162e-01
8.915745019912719727e-01 -1.364370465278625488e+00 3.044303953647613525e-01
8.917656540870666504e-01 -1.364142417907714844e+00 3.049506545066833496e-01
8.914651274681091309e-01 -1.363950729370117188e+00 3.044892251491546631e-01
8.915451169013977051e-01 -1.362727642059326172e+00 3.056405186653137207e-01
8.900325298309326172e-01 -1.352133274078369141e+00 3.114347457885742188e-01
8.893571496009826660e-01 -1.349187731742858887e+00 3.128137588500976562e-01
8.885489106178283691e-01 -1.338313102722167969e+00 3.201077580451965332e-01
8.855192065238952637e-01 -1.316964149475097656e+00 3.321398496627807617e-01
8.837814331054687500e-01 -1.300877690315246582e+00 3.421032428741455078e-01
8.796735405921936035e-01 -1.279397010803222656e+00 3.522094190120697021e-01
8.770896196365356445e-01 -1.261839389801025391e+00 3.617542088031768799e-01
8.770280480384826660e-01 -1.248000264167785645e+00 3.725396394729614258e-01
8.766836524009704590e-01 -1.237190604209899902e+00 3.803466558456420898e-01
8.758670687675476074e-01 -1.224741101264953613e+00 3.889478743076324463e-01
8.739438652992248535e-01 -1.212123870849609375e+00 3.960207402706146240e-01
8.726202249526977539e-01 -1.202763557434082031e+00 4.014610052108764648e-01
8.721633553504943848e-01 -1.197238445281982422e+00 4.050753116607666016e-01
8.720222115516662598e-01 -1.199457764625549316e+00 4.031766057014465332e-01
8.719141483306884766e-01 -1.198522686958312988e+00 4.037217497825622559e-01
8.716450929641723633e-01 -1.195243954658508301e+00 4.059260785579681396e-01
8.710634112358093262e-01 -1.191040515899658203e+00 4.082964956760406494e-01
8.712726831436157227e-01 -1.190782904624938965e+00 4.088212251663208008e-01
8.716822266578674316e-01 -1.195121169090270996e+00 4.060834944248199463e-01
8.711376786231994629e-01 -1.188495159149169922e+00 4.103059768676757812e-01
8.719058632850646973e-01 -1.194350004196166992e+00 4.069454371929168701e-01
8.724761605262756348e-01 -1.193216085433959961e+00 4.086759388446807861e-01
8.708954453468322754e-01 -1.175760149955749512e+00 4.200012087821960449e-01
8.687289953231811523e-01 -1.154610991477966309e+00 4.329997599124908447e-01
8.665165305137634277e-01 -1.130737662315368652e+00 4.483438432216644287e-01
8.607153296470642090e-01 -1.105868458747863770e+00 4.583069682121276855e-01
8.571151494979858398e-01 -1.088138341903686523e+00 4.664341509342193604e-01
8.538463711738586426e-01 -1.068853139877319336e+00 4.764131605625152588e-01
8.511286377906799316e-01 -1.046882390975952148e+00 4.893194735050201416e-01
8.509556651115417480e-01 -1.028074979782104492e+00 5.038443207740783691e-01
8.514141440391540527e-01 -1.016954541206359863e+00 5.130779147148132324e-01
8.518490195274353027e-01 -1.008745193481445312e+00 5.201138257980346680e-01
8.519148826599121094e-01 -1.006573557853698730e+00 5.218448638916015625e-01
8.518290519714355469e-01 -1.007486581802368164e+00 5.209742188453674316e-01
8.532493114471435547e-01 -1.001619815826416016e+00 5.278321504592895508e-01
8.522881269454956055e-01 -1.003165960311889648e+00 5.250688791275024414e-01
8.524206876754760742e-01 -1.006138324737548828e+00 5.230035781860351562e-01
8.523353934288024902e-01 -1.006721258163452148e+00 5.223173499107360840e-01
8.519209623336791992e-01 -1.006257414817810059e+00 5.221295952796936035e-01
8.527553677558898926e-01 -1.001614570617675781e+00 5.270659327507019043e-01
8.459696173667907715e-01 -9.760787487030029297e-01 5.359382033348083496e-01
8.434821963310241699e-01 -9.760315418243408203e-01 5.318925380706787109e-01
8.306700587272644043e-01 -9.047015905380249023e-01 5.669085979461669922e-01
8.141346573829650879e-01 -8.482427597045898438e-01 5.852972865104675293e-01
8.133106231689453125e-01 -8.101820945739746094e-01 6.134261488914489746e-01
8.118507862091064453e-01 -7.615998983383178711e-01 6.483725309371948242e-01
8.009119629859924316e-01 -7.215586304664611816e-01 6.605677604675292969e-01
7.906630635261535645e-01 -6.630954742431640625e-01 6.894696950912475586e-01
7.844634652137756348e-01 -5.856050848960876465e-01 7.419116497039794922e-01
7.466153502464294434e-01 -4.441850781440734863e-01 7.914780378341674805e-01
6.803882122039794922e-01 -1.847234517335891724e-01 8.873293399810791016e-01
6.530815958976745605e-01 -8.113194257020950317e-02 9.293498992919921875e-01
6.392973065376281738e-01 -5.562963336706161499e-02 9.258813858032226562e-01
6.353589296340942383e-01 -4.022282361984252930e-02 9.310598373413085938e-01
6.351491808891296387e-01 -3.975734114646911621e-02 9.310380220413208008e-01
6.357120871543884277e-01 -3.601330518722534180e-02 9.345927834510803223e-01
6.360960602760314941e-01 -4.088249057531356812e-02 9.317108392715454102e-01
