9.855467622866350696e-01 1.215533740148176500e+00 2.947242290606584825e-01
9.783325413219700062e-01 1.233893894171432803e+00 3.615127820423545413e-01
9.435788872091992463e-01 1.237586905163501116e+00 4.922594923410129053e-01
8.963224739981712208e-01 1.268945591650146865e+00 6.415748234035649755e-01
8.823451595334640407e-01 1.266395111904693449e+00 7.600107152125074039e-01
8.667121799628719758e-01 1.261243230985029662e+00 8.740160792964319914e-01
8.400522317937172412e-01 1.269380938434286010e+00 9.384243823505347137e-01
8.287580186692405926e-01 1.275399405044992607e+00 1.001693905980005406e+00
8.457017802175018639e-01 1.273844958257635884e+00 1.031870183901256510e+00
8.464331086258505277e-01 1.287156503415405551e+00 1.030987343357093744e+00
8.217301042962684710e-01 1.293116526268528466e+00 1.060946872416865139e+00
8.275671423151501616e-01 1.282007587240175939e+00 1.067225124356436572e+00
8.163565651554161029e-01 1.275913872669763860e+00 1.070202610981256797e+00
8.297805463994909481e-01 1.283727712962981160e+00 1.061718041252881939e+00
8.189670863177421767e-01 1.277217437913959142e+00 1.069978132448017760e+00
8.329229336979058207e-01 1.299593872851168008e+00 1.059490882186797878e+00
8.369806846668504940e-01 1.274913178205993480e+00 1.072535767798975970e+00
8.176232106622504103e-01 1.283922209644791312e+00 1.061203836741349882e+00
8.172611166032829333e-01 1.268567248078526832e+00 1.070661574408374728e+00
8.051933370370347731e-01 1.275264326533354753e+00 1.036276952895172077e+00
8.312476355896247782e-01 1.291368729412769589e+00 1.058965989674350183e+00
8.370313996329598050e-01 1.294716959254294197e+00 1.054542525954405674e+00
8.319071434212348404e-01 1.274243883636255736e+00 1.074036694551327775e+00
8.130292287167829590e-01 1.305132957403372096e+00 1.078956286912637008e+00
8.225692916362036256e-01 1.279524900165444068e+00 1.058403008631499942e+00
8.267526837346665936e-01 1.265084610240383656e+00 1.085936008995917801e+00
8.253872143413277795e-01 1.272895925502073089e+00 1.058906558740621451e+00
8.375185555529197634e-01 1.266588440462609988e+00 1.070078249859140351e+00
8.166435333479165060e-01 1.286514801428014110e+00 1.063953616129357682e+00
8.280284602806682326e-01 1.281369651111417651e+00 1.066405907073752823e+00
8.206006709114128661e-01 1.279204005139182421e+00 1.056979670117628389e+00
8.310643141217263219e-01 1.285174170581199871e+00 1.078537859672079824e+00
8.139936997024678211e-01 1.268976712157824371e+00 1.068153139731371937e+00
8.145058731312578848e-01 1.294113379863005564e+00 1.068584922239767865e+00
8.143472497389109277e-01 1.277175651211022611e+00 1.057928125183339674e+00
8.233200675162916093e-01 1.270084965364471463e+00 1.050251123079192439e+00
8.345049274531047834e-01 1.290986852698439380e+00 1.082182338697013746e+00
8.201229600141476395e-01 1.278350510584076671e+00 1.061205737005402439e+00
8.381533096297508756e-01 1.299582401493184936e+00 1.062109229922542752e+00
8.191360225781606497e-01 1.274581508449172951e+00 1.072998310654732945e+00
8.356836758685757260e-01 1.275612866214290930e+00 1.066144121602725869e+00
8.667047889845924669e-01 1.278116901956428242e+00 1.076113313462616627e+00
3.880774370812618834e-02 1.951497595503879912e-01 -3.028810579566250730e-02
4.136853297395537421e-02 1.987818633468946827e-01 -5.643064908293756593e-02
4.889962574151995173e-02 1.952140963639059090e-01 -4.232162140072909945e-02
5.097002686694945828e-02 1.969575627163531739e-01 -3.724393161498219806e-02
2.706606824123232446e-02 2.183992695234517889e-01 -2.023521473269593307e-02
2.566005622924633772e-02 2.063595119037675840e-01 -3.530322555561131448e-02
1.583140083788386193e-02 2.110390982471614663e-01 -4.592464048707566027e-02
1.712470313398436333e-02 2.114072241566190558e-01 -3.003064675338788098e-02
2.074039877721108038e-02 1.965429639294428710e-01 -3.939401938419989646e-02
2.065215209418586398e-02 2.082447228442711185e-01 -2.541124778807114792e-02
2.826571232021370117e-02 2.122432664020780235e-01 -4.714862504635103368e-02
2.687241976281308162e-02 2.028987878489549868e-01 -4.157878627067038840e-02
6.044283903184552442e-03 2.282867480030011387e-01 -3.696157730643786360e-02
2.684042715821384831e-02 2.210151657454780816e-01 -2.152817949721874333e-02
-4.383215151930727749e-03 2.074009479650019139e-01 -3.647669154353770649e-02
-4.008713172538067721e-02 1.962218534214971721e-01 -4.443910473023660046e-02
-8.321959767258263474e-02 2.129345844300328527e-01 -7.141747157574407368e-02
-1.874146468532922882e-01 2.063072526277300311e-01 -8.665142162665401271e-02
-2.893613760022317183e-01 2.209253393301037482e-01 -8.538282855680154326e-02
-3.993613114256137075e-01 2.321907603040587742e-01 -1.253178264953924148e-01
-5.169781972797361513e-01 2.102960790980173689e-01 -1.555090973269517285e-01
-6.338570518765443973e-01 2.082926199863074368e-01 -1.716635779546865082e-01
-7.595592060183806726e-01 1.975440901429879048e-01 -1.934232176856338636e-01
-8.330795528366706781e-01 2.060774851179140998e-01 -2.127579429219556006e-01
-9.052897654890953438e-01 2.248464350738565987e-01 -2.176942955839786809e-01
-9.329371346295313172e-01 2.052277786058399611e-01 -2.318931501462253020e-01
-9.542406741487809985e-01 2.060266151657082767e-01 -2.487244493706644577e-01
-9.508451699069270235e-01 2.157162595411349915e-01 -2.303396282819898389e-01
-9.397357295607758898e-01 2.052634370158172017e-01 -2.470089646517903414e-01
-9.560274434062859816e-01 2.025640979555043131e-01 -2.292499152764823633e-01
-9.472941331405726473e-01 2.039346608016408824e-01 -2.288504568720567955e-01
-9.559664965671373915e-01 2.002633498696338998e-01 -2.111311083440691183e-01
-9.423253994458217209e-01 1.992280917543440832e-01 -2.193863792808212754e-01
-9.639417986458310716e-01 2.001280440979941733e-01 -2.206740340513693166e-01
-9.416661926045049036e-01 1.713516738099681858e-01 -2.197465463721474110e-01
-9.552424100308201105e-01 1.575612934912061780e-01 -2.262064031565048650e-01
-9.523470780967251414e-01 8.807519574222850978e-02 -2.028827163943939804e-01
-9.696011080791839820e-01 -1.061479508921700510e-02 -2.206602193196555151e-01
-9.507589294376793676e-01 -9.224007557121519096e-02 -2.260120475637313331e-01
-9.517832278131168611e-01 -2.220765252067364581e-01 -2.041762912676678421e-01
-9.612175079174853920e-01 -3.547452374190654956e-01 -2.176748469418677279e-01
-9.601123807682999667e-01 -4.893156305823676000e-01 -1.876021065828717971e-01
-9.494309497950976784e-01 -6.143071455138837678e-01 -1.636867265750988065e-01
-9.641057644389672276e-01 -6.732060475237151564e-01 -1.699259834949000680e-01
-9.625484264838346515e-01 -7.086847150320556565e-01 -1.607695965118150494e-01
-9.579219089762880390e-01 -7.631036223930653950e-01 -1.880001347067739581e-01
-9.657594648439665752e-01 -7.746342961858440068e-01 -1.602034037754452300e-01
-9.663040882188079772e-01 -7.886453981329525353e-01 -1.575552835635062876e-01
-9.509889561598189323e-01 -7.876203655841089724e-01 -1.561745305248737614e-01
-9.722389228277522610e-01 -7.897760510853826244e-01 -1.706844632051037203e-01
-9.591820010148216502e-01 -7.972988497129442909e-01 -1.428615086263968215e-01
-9.831754072870447780e-01 -7.725305300371092532e-01 -1.619730778600204646e-01
-9.711262409148487817e-01 -7.876483665452205241e-01 -1.717213627552219846e-01
-9.577979146296474733e-01 -7.915310025938750993e-01 -1.640124596300588378e-01
-9.571504506615691188e-01 -7.977992994291045470e-01 -1.738791702921124172e-01
-9.377626502566753786e-01 -8.060205561667301843e-01 -2.353218229869032951e-01
-9.313378897941054779e-01 -8.026028077195732635e-01 -2.677068047187323163e-01
-9.199748670371535875e-01 -8.067856413960319273e-01 -3.468148225365128012e-01
-9.082425668490279325e-01 -8.162938609129413159e-01 -4.632262342950788647e-01
-8.822304461663920128e-01 -8.198811484349124434e-01 -5.891120250183404794e-01
-8.457393045502021867e-01 -8.244842360059954078e-01 -7.253070544208448656e-01
-8.322766827857012162e-01 -8.362363149742877422e-01 -8.340305722451065717e-01
-8.089754540672573491e-01 -8.389121530054661768e-01 -9.370305137630114967e-01
-7.901290321882027401e-01 -8.467701196225705385e-01 -1.025515291365268311e+00
-7.785221332820446705e-01 -8.545558051159980462e-01 -1.066085436939989028e+00
-7.837225218508755420e-01 -8.671911082890877420e-01 -1.095774997467954481e+00
-7.849751495836122528e-01 -8.724808250844124924e-01 -1.126178163808120081e+00
-7.626568763381914584e-01 -8.768199499637110428e-01 -1.144869820951814887e+00
-7.685018098258401542e-01 -8.610233720740538832e-01 -1.133092185723961753e+00
-7.824035415645023139e-01 -8.684069744283635650e-01 -1.139379026611677448e+00
-7.660753622948539565e-01 -8.551606690790753973e-01 -1.141865525572109297e+00
-7.664800656523633737e-01 -8.669165245163701350e-01 -1.129552174105040940e+00
-7.633561067245968612e-01 -8.629341181314351683e-01 -1.139692951387116349e+00
-7.542516122375590992e-01 -8.648084623153151629e-01 -1.142373470561293791e+00
-7.748457705974099996e-01 -8.692422081925008648e-01 -1.127775358015513207e+00
-7.731299513760251374e-01 -8.704334568534803918e-01 -1.144563462151157118e+00
-7.637504826651206891e-01 -8.465061943655274312e-01 -1.131008234643164689e+00
-7.882551896832903360e-01 -8.859755417183194925e-01 -1.142799272620581785e+00
-7.687907610626255606e-01 -8.759278825667713431e-01 -1.138235227534845739e+00
-7.765077741955032087e-01 -8.737727757770330506e-01 -1.136474950891707580e+00
-7.670463811144684341e-01 -8.603648229405433945e-01 -1.143389967078272784e+00
-7.748340722797929514e-01 -8.979958870406119509e-01 -1.140128717925190216e+00
-7.729030841703223853e-01 -8.576572284504475618e-01 -1.137068289764538109e+00
-7.560549514759284939e-01 -8.729476345990903052e-01 -1.131831863440223129e+00
-7.675190627979902036e-01 -8.779600118074999404e-01 -1.135665220925207830e+00
-7.761774731291666285e-01 -8.592125257866285448e-01 -1.137531723484798585e+00
-7.761714894102695883e-01 -8.725176762369246664e-01 -1.145012084975574718e+00
-7.903991240745272817e-01 -8.502713525173697384e-01 -1.128380021220519280e+00
-7.641764890890322404e-01 -8.722990147330251798e-01 -1.130597409206327120e+00
-7.661614189575756129e-01 -8.743178025440019319e-01 -1.144344297660378151e+00
-7.569502481813469297e-01 -8.503428678130167118e-01 -1.139031543868851637e+00
-7.750058156947107202e-01 -8.596289072326004366e-01 -1.148473228585954908e+00
-7.602639109178094268e-01 -8.665764615391384762e-01 -1.141281249145198240e+00
-7.630709489743149332e-01 -8.767428125704967989e-01 -1.118640943391540521e+00
-7.699909424488808884e-01 -8.710340626485877369e-01 -1.131774462267669534e+00
-7.833147649963556614e-01 -8.628200188911319124e-01 -1.138507374985799014e+00
-7.634301729936386893e-01 -8.542619402271021123e-01 -1.151499546994537271e+00
-7.531504508122334185e-01 -8.900517902707594242e-01 -1.137376724980413867e+00
-7.509114499311111413e-01 -8.539388127760680902e-01 -1.138209145711603920e+00
2.730961671369624630e-02 2.040450433156197341e-01 -3.342642981632939353e-02
2.173501797808980590e-02 2.109757242739738470e-01 -3.366997614875476968e-02
3.382211338894999114e-02 2.024062296550201423e-01 -1.458516876255039688e-02
3.394297782374743055e-02 2.279349072104493168e-01 -1.650116527914945175e-02
3.531099868656962376e-02 2.050357808726566977e-01 -4.304626545830121664e-02
2.727778188986957134e-02 2.185149445001232649e-01 -2.045752748580175612e-02
3.962522291782732964e-02 2.134621795498174990e-01 -4.585607348455877919e-02
2.866754202781011604e-02 2.048333472879453887e-01 -4.212896666455973049e-02
3.000999619932914753e-02 1.943113971623546266e-01 -3.869563966566512414e-02
2.527500172128688966e-02 2.138812452652841256e-01 -4.834054853722449113e-02
3.150933135424344167e-02 2.229274744290005716e-01 -2.428373224606053538e-02
2.509566145577354565e-02 2.128688792738761826e-01 -3.967046654486581364e-02
1.568999589598821243e-02 2.176233742164603302e-01 -4.213160525859198369e-02
6.261638142723610634e-03 2.138060925864478656e-01 -3.008106199020740140e-02
-5.687651122633315126e-03 1.983182376183337814e-01 -4.714007975914380477e-02
-3.737571385786780248e-02 1.955763488889684376e-01 -5.855614103599852960e-02
-7.718624298758006153e-02 2.120689765856792475e-01 -4.749250007093227394e-02
-1.700762262054432705e-01 2.080488890402550639e-01 -7.324342478427667280e-02
-2.615362709476699021e-01 1.980764424688374881e-01 -1.108106710275061635e-01
-3.928986615844852759e-01 2.028115747241992506e-01 -1.213528544262929970e-01
-5.302120299625324717e-01 2.024273243801832378e-01 -1.489216086615287038e-01
-6.359575720442349756e-01 2.102985860905650928e-01 -1.769299185637875915e-01
-7.392547710333936539e-01 2.056611880972295248e-01 -1.722127423708825211e-01
-8.409118524475077683e-01 2.220795549702823668e-01 -2.188447240352656142e-01
-8.798095299170911598e-01 2.059307142180763772e-01 -2.149419952605950423e-01
-9.287079136372653476e-01 2.067018762992493264e-01 -2.214876776982960260e-01
-9.272222363198254769e-01 1.953759971255538963e-01 -2.302379881190586008e-01
-9.303593656719955085e-01 2.028547178855700517e-01 -2.295368674314763324e-01
-9.770510211706538994e-01 2.251641138791626029e-01 -2.271594302112028840e-01
-9.570974460194211497e-01 2.069969047888149394e-01 -2.423809369264933733e-01
-9.470203315140912625e-01 1.954698663713988205e-01 -2.362751631018804033e-01
-9.492299487040960493e-01 1.955310193434020016e-01 -2.111824704530994579e-01
-9.703278553707488374e-01 2.195532031451161437e-01 -2.417703955222953449e-01
-9.412511184534178010e-01 2.224740473987232570e-01 -2.478112367922146175e-01
-9.531129531026827362e-01 2.419214379807014814e-01 -2.150296184556704238e-01
-9.489389518080386665e-01 2.904192138387727273e-01 -2.484133900928789940e-01
-9.436950264133391331e-01 3.167880884771626659e-01 -2.310315055621793845e-01
-9.294855737735741030e-01 4.189857848288769393e-01 -2.368242551685689756e-01
-9.375781827446719729e-01 5.336898706812623905e-01 -2.457646133290263823e-01
-9.453351569352953510e-01 6.516148353702116980e-01 -2.618416175338024177e-01
-9.312965595300706223e-01 7.783192013468281933e-01 -2.776791118701221195e-01
-9.491667072339188271e-01 9.007978690343532158e-01 -2.846150429327490294e-01
-9.368316767738786854e-01 1.007265672296240533e+00 -2.918301753062641501e-01
-9.473702184335777154e-01 1.082630896530237363e+00 -2.996130061636091413e-01
-9.318257689827711410e-01 1.137378888108782959e+00 -3.070746301156835334e-01
-9.381857514560303368e-01 1.181565208714616011e+00 -3.004883188918583414e-01
-9.450103347057885461e-01 1.199664959079651316e+00 -3.002394158127427715e-01
-9.483386155824761188e-01 1.203916554286668328e+00 -3.114124298078276287e-01
-9.359508721895670735e-01 1.202885591834632395e+00 -3.138050440121538665e-01
-9.411482616501308796e-01 1.208376272681464192e+00 -2.901994391778147664e-01
-9.355021582691430693e-01 1.219289295988486677e+00 -2.976984638596958388e-01
-9.489166034855756049e-01 1.193240755874526604e+00 -3.025627283564900627e-01
-9.424616520196792413e-01 1.217535415700485624e+00 -2.949576122322783434e-01
-9.404280467596791704e-01 1.201618663916280694e+00 -2.923935697257225574e-01
-9.594744928993752531e-01 1.201478101189582759e+00 -2.492407247556573391e-01
-9.535665771891790321e-01 1.228808999016160808e+00 -2.427889110298758202e-01
-9.594236409437622015e-01 1.218007216912511348e+00 -1.887838255643748964e-01
-9.849861839782633188e-01 1.218560991732608567e+00 -1.233744871170871088e-01
-1.001043013069662813e+00 1.209043723218462096e+00 6.565378309061183082e-03
-1.039898260798321594e+00 1.235144524601916372e+00 1.038531840464479855e-01
-1.035565672125475123e+00 1.240903932997919235e+00 2.243678797665180080e-01
-1.071998595649289454e+00 1.247147444177467035e+00 3.710722260717395637e-01
-1.096701811490206069e+00 1.253639822062081244e+00 4.869438599954999947e-01
-1.107153042272037702e+00 1.272686618556776450e+00 5.448531187611748150e-01
-1.093351642018333347e+00 1.267332810599611559e+00 6.096495781599137187e-01
-1.135099248267174232e+00 1.293401141317572556e+00 6.369271325336657297e-01
-1.135845888248893987e+00 1.287645961199405553e+00 6.386493225936534790e-01
-1.125062567796051738e+00 1.281522131936045916e+00 6.750808372482111075e-01
-1.129736258100180413e+00 1.280003713088210038e+00 6.789774764825400322e-01
-1.139022323364009104e+00 1.258921394145777972e+00 6.621615557656709283e-01
-1.133841595150488768e+00 1.310122541682043895e+00 6.559260095686565428e-01
-1.155102030552364045e+00 1.273038941187742745e+00 6.793884697323564481e-01
-1.126957672402883359e+00 1.277776377836568056e+00 6.590903081681469544e-01
-1.127944642414741683e+00 1.276030508937579633e+00 6.685943835879618602e-01
-1.136619662001215225e+00 1.279880595443224411e+00 6.596175057582064349e-01
-1.125099713797835577e+00 1.282757630568216900e+00 6.602895251946275801e-01
-1.124063855757663211e+00 1.269048758012204958e+00 6.566762352406159131e-01
-1.140721499953408768e+00 1.278970633064905327e+00 6.849217949094759117e-01
-1.146669119815498128e+00 1.273276246797752309e+00 6.732762086068205809e-01
-1.133340315287301170e+00 1.279620301549888817e+00 6.765495454407082221e-01
-1.162092694166343865e+00 1.277942892322905255e+00 6.656218933601673049e-01
-1.130043293793473458e+00 1.277555003883637186e+00 6.710396034795915732e-01
-1.123466206621655861e+00 1.276458074543055377e+00 6.644178351366137880e-01
-1.134001114537607213e+00 1.273371930265923435e+00 6.634430412711289637e-01
-1.137914159851582285e+00 1.286778456176765895e+00 6.807047235709984268e-01
-1.126387204487643068e+00 1.276212967189288561e+00 6.730467162411535309e-01
-1.131601255077739676e+00 1.289909001553467771e+00 6.798999043746096760e-01
-1.133364741203705783e+00 1.291777568716172775e+00 6.818021694930109788e-01
-1.154791130653949338e+00 1.286223413334904198e+00 6.669251742473252254e-01
-1.115861828155210178e+00 1.279827516741342208e+00 6.645292999501225539e-01
-1.131979458006229011e+00 1.287309565146634194e+00 6.730204338642647999e-01
-1.131553824373218609e+00 1.278761339411844222e+00 6.664728186716266656e-01
-1.127983487537124407e+00 1.280031453616159220e+00 6.652431888323003806e-01
-1.134975421206377399e+00 1.261809856351623349e+00 6.664210322444471535e-01
-1.133500724468286425e+00 1.272376808597300624e+00 6.780226292024613688e-01
-1.123124214577906566e+00 1.284341059795993001e+00 6.589992439868728180e-01
-1.148648381648498029e+00 1.291709847164612679e+00 6.565916949925859614e-01
-1.132124883779868529e+00 1.282980857667840091e+00 6.639466239981868245e-01
-1.123799114899495466e+00 1.274289077177518381e+00 6.849216332489092007e-01
2.756966107314289677e-02 2.174615575760507902e-01 -3.466597474943532153e-02
1.899698168143433563e-02 2.072348806147325528e-01 -5.925813641381845465e-02
5.195722833102126709e-02 2.182849629165049821e-01 -5.899449110094875243e-02
1.397973876603161164e-02 2.081875027603866390e-01 -3.041437211546358169e-02
1.787836722164014291e-02 2.041694119027647469e-01 -2.256621890774475336e-02
1.820033512197048731e-02 1.953823871206007146e-01 -4.885981122335036897e-02
2.756264569746423587e-02 2.193208702672241328e-01 -2.160458393347457207e-02
3.404814372223900765e-02 2.159226913433988648e-01 -3.454134243595209652e-02
5.137629246259406424e-02 2.072546964955813975e-01 -3.852642203757179057e-02
2.858457984031319288e-02 2.367671991733292514e-01 -3.725369221331723685e-02
3.644267510723344511e-02 2.014584246181027327e-01 -3.922502996088958471e-02
3.570883970264452506e-02 2.299332951593008323e-01 -2.105566852991627713e-02
2.194891027494574876e-02 2.065159712026918282e-01 -5.456223746287675730e-02
1.136222180346917535e-02 2.138051973190417399e-01 -3.521387520798187343e-02
6.900468071900561773e-03 2.000938388328169226e-01 -4.357111941627035689e-02
-4.663180897545225051e-02 2.029778497187136321e-01 -5.495515502049148210e-02
-1.032339992830861031e-01 2.169668856568735260e-01 -7.737870057448439920e-02
-1.660612112154540299e-01 2.382190619085434447e-01 -7.852628471376052466e-02
-2.620129065783621813e-01 2.218819865027658322e-01 -9.076460587466092522e-02
-4.102920544262849689e-01 2.131881486375299117e-01 -1.228980596581862872e-01
-5.252626543765791522e-01 2.217564649536854504e-01 -1.491037714577078122e-01
-6.384606883710149949e-01 2.251261403509369208e-01 -1.731995058929635123e-01
-7.691590909033131362e-01 2.163616221713703935e-01 -1.992768443214337215e-01
-8.283333737089134674e-01 2.001878535674738446e-01 -2.130651354302744993e-01
-8.779974865918266369e-01 1.878166544785491998e-01 -2.274001647510641710e-01
-9.305144644234304430e-01 2.102948889437248614e-01 -2.477610347090422604e-01
-9.385554708148278191e-01 1.897866841495286505e-01 -2.207580473620520123e-01
-9.451991206056479244e-01 2.086264715418867377e-01 -2.407828393874629214e-01
-9.583983250895848904e-01 2.085751791234224661e-01 -2.120912912745997470e-01
-9.525825208691715007e-01 1.954612290363006433e-01 -2.205781630959636752e-01
-9.415054630647015088e-01 2.147249164122881915e-01 -2.254241235260213139e-01
-9.462950034699419977e-01 2.130577090065021995e-01 -2.335012392024143346e-01
-9.641651230369591152e-01 2.318843647957841148e-01 -2.168097462870453018e-01
-9.638844127678739548e-01 2.043267614742719784e-01 -2.240339234461331541e-01
-9.734317787359364482e-01 2.459347002115102876e-01 -2.345925211312273606e-01
-9.397721012682717090e-01 2.625472601834128450e-01 -2.321555368395615826e-01
-9.536494039654143107e-01 3.407192847106893518e-01 -2.283970116724103883e-01
-9.443559044541079972e-01 4.062019514696945111e-01 -2.346393886321958000e-01
-9.417702947058846918e-01 4.996817108793072393e-01 -2.563334298748200513e-01
-9.445091054560884603e-01 6.247280716201193407e-01 -2.312950861568265903e-01
-9.329850449821120995e-01 7.605777614607542869e-01 -2.649257064430841080e-01
-9.351652965457505351e-01 9.053453395638251244e-01 -2.742692698938026252e-01
-9.331740385216699130e-01 1.003363548438833019e+00 -2.865759133874916098e-01
-9.475128784185309350e-01 1.073219692594983954e+00 -2.925814856459589830e-01
-9.518944002389839731e-01 1.128333586269376854e+00 -2.880911518430088192e-01
-9.358649343097349416e-01 1.173972408465969952e+00 -2.993668948401148611e-01
-9.422454754561727652e-01 1.188082418104621674e+00 -3.046497903291715548e-01
-9.411952449149970645e-01 1.194909435567844236e+00 -3.070701530591203321e-01
-9.256174844551370295e-01 1.212980134977724944e+00 -3.040508752382532487e-01
-9.279237357081533411e-01 1.192977522617493902e+00 -2.893703985014330349e-01
-9.345205247634219559e-01 1.201049119020176636e+00 -3.164113559503789475e-01
-9.150904551182729163e-01 1.207599889291017137e+00 -2.922624539112991804e-01
-9.436588206736150619e-01 1.205511765843295446e+00 -3.134310396177656943e-01
-9.330890478013629252e-01 1.222688354486894946e+00 -3.245787570147152801e-01
-9.207140268246001291e-01 1.198154768619288602e+00 -3.327998596347879201e-01
-9.263487000920035408e-01 1.203266667590888739e+00 -3.772459460236131656e-01
-9.245841048666920692e-01 1.212358562172298759e+00 -4.212904861458151018e-01
-9.037382516428742463e-01 1.183439623418573561e+00 -4.887486242866631025e-01
-8.871953256400425536e-01 1.170304414908615254e+00 -6.091614762112986803e-01
-8.543791786081507134e-01 1.156227670990635836e+00 -7.227833996746894085e-01
-8.313152365878558880e-01 1.163625978558485929e+00 -8.611107693599658885e-01
-8.040121783337285111e-01 1.158912212812620135e+00 -9.708480940464905284e-01
-7.762990961401516898e-01 1.169283720847675401e+00 -1.085129378382972076e+00
-7.712544111476663522e-01 1.140616275111552946e+00 -1.169419670312135562e+00
-7.526456359624059678e-01 1.138174269212414824e+00 -1.214379629971299224e+00
-7.519898861740773599e-01 1.137102894918645690e+00 -1.251769297643661849e+00
-7.546040762189912821e-01 1.127149831538032831e+00 -1.287799161979960472e+00
-7.539103922329238872e-01 1.129957653060110756e+00 -1.293795592466805422e+00
-7.453314419793272139e-01 1.131613454884693448e+00 -1.277167566199959303e+00
-7.501829406076991891e-01 1.144882942283663496e+00 -1.291753312688778577e+00
-7.388101548550799480e-01 1.124004299164551135e+00 -1.274189820135823492e+00
-7.227455533501629947e-01 1.131557584694414587e+00 -1.297883884459961612e+00
-7.401670273104550279e-01 1.130678365374162553e+00 -1.283517092385541014e+00
-7.451014928520967029e-01 1.122869572324955101e+00 -1.291931801061978913e+00
-7.414955372380346299e-01 1.130674359521333106e+00 -1.288755836409912536e+00
-7.516890795094942623e-01 1.125763823032710054e+00 -1.294738715262607753e+00
-7.348479920683287370e-01 1.129847374098986057e+00 -1.292349439262433730e+00
-7.471757259763750492e-01 1.134999672553205441e+00 -1.288755525104237076e+00
-7.389509159350996503e-01 1.134130544244310590e+00 -1.273652528647319482e+00
-7.390601321061537332e-01 1.122594693376059549e+00 -1.282834694027659594e+00
-7.459257014609043113e-01 1.117484708688111228e+00 -1.267264881264052567e+00
-7.471017375799450244e-01 1.129458282662369140e+00 -1.300862441224271748e+00
-7.566194513311653713e-01 1.140499342983566367e+00 -1.274652110243188474e+00
-7.440021719917769838e-01 1.130776731139599978e+00 -1.287153886279969184e+00
-7.548005754538708034e-01 1.141680562296943036e+00 -1.273872427060637413e+00
-7.492711272492180719e-01 1.131971126675977768e+00 -1.273222050945956418e+00
-7.449312038952428106e-01 1.129791355100787653e+00 -1.276360335619998398e+00
-7.381678530356318158e-01 1.134190609178019171e+00 -1.284478330500912646e+00
-7.379609072692089322e-01 1.143609056257525625e+00 -1.266105334420420281e+00
-7.577630681116985789e-01 1.135182092478718152e+00 -1.274465318926136126e+00
-7.675374317240437616e-01 1.142463286858442340e+00 -1.295865769463016015e+00
-7.504560074027901706e-01 1.123049757974121654e+00 -1.268614963441460741e+00
-7.513467025996927173e-01 1.129818648330147779e+00 -1.276453208353511171e+00
-7.348275939443277283e-01 1.130615687672975378e+00 -1.282710096601512806e+00
-7.449774056254352406e-01 1.113216661851408107e+00 -1.291709685176007261e+00
-7.461349897503120054e-01 1.131223814978823627e+00 -1.278311907936453107e+00
-7.431494331283600152e-01 1.116046768322297433e+00 -1.292582518247819889e+00
-7.451764210525062548e-01 1.137616611938089939e+00 -1.288722704468458380e+00
-7.597839912169676024e-01 1.142813755409061827e+00 -1.286828858494293737e+00
1.804073517721394709e-02 2.081690460718153002e-01 -4.010154855758434750e-02
3.984946169316162801e-02 1.948830555457726210e-01 -4.329000175866821315e-02
1.774293338423908045e-02 2.105993750546157062e-01 -3.081948792386549757e-02
2.938036972214656470e-02 2.013196259423567225e-01 -2.890270567656731335e-02
3.715741520396127068e-02 2.010266208055930537e-01 -2.926080077623988140e-02
1.766223880961785564e-02 2.019101268230163448e-01 -4.144535690980659381e-02
2.648288644932304467e-02 2.138231852080240414e-01 -3.809948096396052059e-02
3.708297511806881580e-02 2.152973675147657195e-01 -3.384890366476932949e-02
2.917988231623206904e-02 2.114105130422720136e-01 -4.706280417387354031e-02
4.664496983095692273e-02 2.103173343350658309e-01 -2.425297018087050477e-02
3.517846530849186304e-02 2.215738521923423243e-01 -5.297640524762017855e-02
3.500281203178682438e-02 2.057746240824805672e-01 -2.838062203621256885e-02
2.212128792071459821e-02 1.953837004557548718e-01 -1.729650267494481017e-02
5.357148015890949438e-02 2.069427685744718304e-01 -1.179091678441254384e-02
7.202020885633142466e-02 2.064732769170888882e-01 -3.165529260367318243e-02
1.138576579608599759e-01 2.085541631194298140e-01 -2.535595473831942295e-02
1.552441202259292607e-01 2.212651247293747347e-01 -2.925066243709224800e-02
2.339893947818812436e-01 2.060002718857757709e-01 1.473681974935339700e-02
3.281331054442571671e-01 2.217230003609969302e-01 2.813218697136371516e-02
4.484445810598663984e-01 2.095828441175034695e-01 7.598022909297297289e-02
5.705672748366006353e-01 2.089575969578074954e-01 7.738732951249004122e-02
6.988771285270305444e-01 2.038322731878690064e-01 8.852080944184975708e-02
8.183978565772808134e-01 2.236286845730759143e-01 1.116842917110874717e-01
8.812953003626996518e-01 1.994557808047893732e-01 1.402756522060921718e-01
9.450138966998392620e-01 2.080147141538139788e-01 1.430353611229615574e-01
9.832269332456111677e-01 2.253369442929354649e-01 1.499598688083635389e-01
9.917551570915341674e-01 2.200502038624459755e-01 1.632469167934841314e-01
9.838944874000106200e-01 1.851087169090968598e-01 1.612057729964808672e-01
9.950256880143583116e-01 2.074764982071475861e-01 1.396098929076266537e-01
1.003239909056915735e+00 1.976793589443420485e-01 1.527194709757312419e-01
1.010280338769415476e+00 2.332862364110352138e-01 1.570996759007646792e-01
9.961610157553706379e-01 2.144230981955710380e-01 1.708653782433271484e-01
9.899369114067356756e-01 2.088309619893099767e-01 1.786647838190835724e-01
1.007346215276083923e+00 2.213685991499769745e-01 1.480258467956539481e-01
1.029052795116755625e+00 2.485404468672145484e-01 1.633540073099860601e-01
1.024874715405807990e+00 2.714481471960604742e-01 1.499196109715481562e-01
1.008106031728196239e+00 3.275039046217462779e-01 1.453651237252663320e-01
1.018968628098257501e+00 4.198122001106820989e-01 1.352601618273425732e-01
1.028726271159256855e+00 5.273660280877485729e-01 1.294535892403995692e-01
1.005104291261123439e+00 6.455288402338908993e-01 1.039736961275516541e-01
9.947578920152417847e-01 7.766997544561858868e-01 1.255660631668158445e-01
1.029237669071608963e+00 8.984003977334998892e-01 1.230962264134387169e-01
1.019876287339774645e+00 1.014917629925957021e+00 9.793955346858955469e-02
1.036402284561416032e+00 1.079014845050229932e+00 8.439604416964827105e-02
1.030311960125758652e+00 1.119446477264580908e+00 8.329595209372066267e-02
1.025784589482512832e+00 1.180343415499844228e+00 8.840978306155394817e-02
1.030496193291914331e+00 1.185587546107467638e+00 9.483515246339584148e-02
1.033515089593792347e+00 1.205776204439099608e+00 1.000541112697535123e-01
9.991722544955380370e-01 1.188574817839537223e+00 9.835554816996493199e-02
1.013255313868237861e+00 1.218104758351014283e+00 8.943385480476014060e-02
1.011761639386975942e+00 1.198136787846793894e+00 8.293527683957914454e-02
1.036551981577931159e+00 1.219654821620257401e+00 7.283864584091839789e-02
1.033852950941773985e+00 1.207803493930829530e+00 7.976136132073455287e-02
1.024630243757876036e+00 1.203499927099335176e+00 7.636846234266518596e-02
1.017171968330261800e+00 1.221292827948578408e+00 4.774334847430462825e-02
1.026029559453149664e+00 1.192823056079246546e+00 2.689522828047510861e-02
1.060428652070582123e+00 1.190986407239568612e+00 -3.319002481723516695e-02
1.051554381956536499e+00 1.197637391448210353e+00 -1.025158365259538490e-01
1.086324897609374451e+00 1.180986643345754095e+00 -2.107726684332915656e-01
1.110195864977018054e+00 1.168865181405946085e+00 -3.398984617732992430e-01
1.137775824535151026e+00 1.169810216083243981e+00 -4.715766009349325882e-01
1.158898893155806409e+00 1.160693108556003939e+00 -5.748429739461896615e-01
1.182203102820203577e+00 1.150620693734358824e+00 -7.025725139624054982e-01
1.195994357352112791e+00 1.151659570867162197e+00 -7.738081500856419659e-01
1.200604360492920186e+00 1.132766568691644604e+00 -8.314696491943887047e-01
1.217429205327333452e+00 1.125387944935945850e+00 -8.619587920943441173e-01
1.210147368711329552e+00 1.132423445839081610e+00 -8.696249830484249488e-01
1.226484549572572691e+00 1.131427117132283833e+00 -8.841282349805724694e-01
1.222305709922954398e+00 1.139754798399043700e+00 -8.913645336081955639e-01
1.218984148454198779e+00 1.119574327530764357e+00 -8.987434194059057413e-01
1.209208948730108535e+00 1.125253704938921295e+00 -8.871328219434211348e-01
1.226084638088120071e+00 1.127795803419159304e+00 -9.082630891433625120e-01
1.225505685718393689e+00 1.131305288336830861e+00 -8.740344583338709450e-01
1.227371513318749496e+00 1.135923605252449065e+00 -9.136691183872978073e-01
1.201042516695175699e+00 1.125959525014942342e+00 -8.935646249678433906e-01
1.214921914565571415e+00 1.125891225811848306e+00 -8.989323184672856071e-01
1.204663850039874973e+00 1.158306283771561418e+00 -8.883809904974891980e-01
1.214092393766355915e+00 1.132735871262818161e+00 -8.871169790237934949e-01
1.221863105482106082e+00 1.150516243950500783e+00 -8.840552941873709436e-01
1.232568750956617443e+00 1.123854573917774768e+00 -8.920885740614723503e-01
1.207697478637790534e+00 1.129875511268114918e+00 -8.877404353683325811e-01
1.205920080070959077e+00 1.143333589355068236e+00 -8.983046289044717136e-01
1.219293006664046386e+00 1.117834100760750626e+00 -8.990893219609927822e-01
1.224091621734681778e+00 1.126913627589671840e+00 -8.791992057556267115e-01
1.196725586634235450e+00 1.120501876694100618e+00 -8.763044899119982745e-01
1.214911785240122999e+00 1.119810573787515695e+00 -8.837076667389199836e-01
1.199353833573429062e+00 1.153311375946610706e+00 -8.959716615972804776e-01
1.224642598537498683e+00 1.119973762786685256e+00 -8.827617053619133403e-01
1.230000439223225994e+00 1.126393119764956596e+00 -8.891471694547642413e-01
1.227015648796278002e+00 1.131773948923945783e+00 -8.897612504486283047e-01
1.226419655149677101e+00 1.118112136275788648e+00 -8.800186321074501272e-01
1.221487429127028124e+00 1.138317913368125822e+00 -8.885734019595408206e-01
1.221161853302736855e+00 1.133716311063020621e+00 -9.030443995657234657e-01
1.231767277317384446e+00 1.131759945101396880e+00 -9.018949881991508155e-01
1.225333685539349293e+00 1.145976002600491261e+00 -8.897230762170481588e-01
1.214301586784095832e+00 1.137412631319801415e+00 -9.017045144158762904e-01
1.220890896633189282e+00 1.136103241441871914e+00 -8.784806690097732851e-01
1.209357006472784990e+00 1.140509854545933344e+00 -8.758042533884591307e-01
1.234021170662805478e+00 1.138786975650595501e+00 -8.986773468318129954e-01
1.823905073802638277e-02 2.117280538029313042e-01 -4.432119695138076604e-02
3.223868671088511717e-02 2.167646078771861273e-01 -3.475326197557540575e-02
3.739811071090302225e-02 2.008308431597151944e-01 -2.358833199650043483e-02
3.204830088439564184e-02 2.071264363606744596e-01 -2.855491758645745115e-02
4.099876301989120730e-02 2.283152866063541397e-01 -3.487279833597501516e-02
2.001332388575745996e-02 2.172418158012477951e-01 -5.489654592516470671e-02
2.291324739641125569e-02 2.293943774870816354e-01 -5.640838467783279575e-02
3.062796567427021610e-02 2.010308875212108437e-01 -3.695100473320186985e-02
2.325546807691663762e-02 1.866246419153795577e-01 -4.407484060200277109e-02
3.716629077283404442e-02 2.092736213895205477e-01 -2.933502797519945207e-02
2.575076268965057619e-02 2.160683444040717160e-01 -3.399604243752599869e-02
3.772979514928256201e-02 2.155001418287086634e-01 -2.469701024613294230e-02
3.377856600057128900e-02 2.214602441064794092e-01 -2.200033197503080407e-02
4.335565698744084373e-02 2.032067525065449354e-01 -4.808049426236325752e-02
5.249214779431705252e-02 2.090262247916439831e-01 -4.196521863829365956e-02
7.645395807197014060e-02 2.209502993482528321e-01 -2.565923622510184188e-02
1.445230257821598918e-01 2.130951793101198422e-01 -1.491044628357353699e-02
2.334181225775418533e-01 2.032253963147525322e-01 1.264046344634173202e-03
3.134934131663382195e-01 1.988928835182707799e-01 4.355829479984521524e-02
4.452510785306714181e-01 2.101028815393069515e-01 4.336621186686352714e-02
5.848637028367802415e-01 2.126990432513482243e-01 6.511943840315882748e-02
7.115659185406837395e-01 1.975400234174016223e-01 1.206382686634876605e-01
8.226327319321837805e-01 2.011284806882679133e-01 1.231687709051956653e-01
9.052241119279059722e-01 2.155931532388492555e-01 1.468950102578575057e-01
9.456292192749066183e-01 2.241455491358687047e-01 1.340632188661385338e-01
9.749652795552868900e-01 1.944191585897204755e-01 1.502814389429323882e-01
9.830577681221448483e-01 2.050632282013278573e-01 1.597721756879436628e-01
9.986769950027220011e-01 2.220228873022202509e-01 1.489014144405853002e-01
1.000649467257353820e+00 2.073462694608071977e-01 1.537625752994968842e-01
1.002905897681611869e+00 2.023217135325479921e-01 1.465731021279863544e-01
9.909334185308357190e-01 2.155741179901498050e-01 1.579845505764670421e-01
1.008935714150359209e+00 1.932520783729634872e-01 1.552066243022228176e-01
1.018552278698129143e+00 2.355375194003587747e-01 1.543412353510100199e-01
1.012438765400832885e+00 2.441636454216990770e-01 1.659063185850181421e-01
1.017526658291147301e+00 2.465713712855463480e-01 1.581251239812445641e-01
1.018069085149890141e+00 2.735355454968924627e-01 1.477541380432074170e-01
1.014874610025419344e+00 3.368049878617870307e-01 1.487996111195536431e-01
1.025073848469856497e+00 4.125724281784020064e-01 1.493553899426280918e-01
1.017768811648209093e+00 5.216133992510575412e-01 1.290676738862887030e-01
1.020422012136108947e+00 6.375855817397907410e-01 1.271927089469950256e-01
1.010406471347608637e+00 7.690496975701730520e-01 1.336422272734069105e-01
1.017407613530378008e+00 8.995824201841009504e-01 1.110501004651051199e-01
1.021285922058845053e+00 1.015400460721273879e+00 1.100132812376970332e-01
1.032280278432880172e+00 1.089024844862339858e+00 9.480180493880698001e-02
1.010046153427078819e+00 1.156263892294028484e+00 8.879188229135398513e-02
1.042622420617570489e+00 1.196006152566832403e+00 9.352518972891564475e-02
1.019274617359906543e+00 1.160025757609462360e+00 7.703044538289299803e-02
1.010768510370456008e+00 1.197668406723801038e+00 1.068652535311462731e-01
1.037553447824087538e+00 1.205778694939299456e+00 1.008375968260724481e-01
1.018813839977861901e+00 1.202392034711381896e+00 8.283737477501050550e-02
1.028991970035036729e+00 1.197712080429480519e+00 8.119048903167440379e-02
1.026830692345377827e+00 1.213389575517496599e+00 8.567097745118762431e-02
1.028612929392522801e+00 1.204027120489463476e+00 1.157666129975626484e-01
1.020969493707625020e+00 1.211993946849522663e+00 1.105395165737583091e-01
1.024962868929715665e+00 1.208590352244867550e+00 1.179850079516141653e-01
1.004967688916594604e+00 1.221837393212276357e+00 1.507705221111531602e-01
9.854466773125238888e-01 1.214297213687241417e+00 1.985585144352294273e-01
9.874156471626495124e-01 1.211100373942971098e+00 2.833434513015686829e-01
9.677553636762807887e-01 1.213413172625104286e+00 3.755157054357444735e-01
9.293631982629821930e-01 1.233579067813895147e+00 5.101061015467935889e-01
9.060639686753145794e-01 1.259964600111722177e+00 6.530460109034643690e-01
8.959325065675870503e-01 1.269586709287953585e+00 7.558495355530000515e-01
8.678792806649270331e-01 1.253679370443444352e+00 8.702835541838078726e-01
8.503614023950334389e-01 1.268194526419825552e+00 9.483176107278894484e-01
8.520044894881337871e-01 1.273096110412845539e+00 9.774093181694789578e-01
8.322452536946476354e-01 1.282198698615097943e+00 1.039834071643808810e+00
8.392284887784267067e-01 1.289836867085621730e+00 1.064861472429988076e+00
8.244903038765762915e-01 1.284952314100834769e+00 1.063426732438111921e+00
8.271328818418320905e-01 1.280742599183666286e+00 1.052590506077734744e+00
8.105339691921800149e-01 1.287328204913148033e+00 1.061903682487562728e+00
8.265461380352594478e-01 1.268837573899913362e+00 1.063699720643991320e+00
8.298141709921251774e-01 1.276702790498873918e+00 1.045039697697315972e+00
8.423099904314517161e-01 1.292900366323080474e+00 1.067365028603160626e+00
8.204101164749484365e-01 1.292117290924784223e+00 1.055205057008464786e+00
8.543260558524585768e-01 1.291307069380001060e+00 1.060451937051458016e+00
8.034684567597595306e-01 1.283122821223429355e+00 1.070788963459608167e+00
8.439690188462102283e-01 1.277961131432623798e+00 1.062942863454239495e+00
8.242721993525954360e-01 1.289465843136677226e+00 1.073146205716894341e+00
8.400602482338695998e-01 1.286595316899180164e+00 1.057671216298071259e+00
8.324711938503285280e-01 1.287796049181284763e+00 1.063271595159400729e+00
8.308316145507651518e-01 1.301752776301752901e+00 1.064536185156389481e+00
8.299192365582800379e-01 1.274973150441793379e+00 1.064194108805516237e+00
8.019562814568788056e-01 1.286309236891557628e+00 1.058170900954705562e+00
8.302469674100901864e-01 1.274400844486495599e+00 1.075504049511713411e+00
8.285092715128439256e-01 1.290246601551141126e+00 1.074990977356459432e+00
8.249881750294183469e-01 1.286290229791323902e+00 1.057164442654262571e+00
8.409747928299610154e-01 1.280729095182851607e+00 1.057049781602077854e+00
8.313112085210060398e-01 1.288914258435734261e+00 1.061194818680244456e+00
8.078659800689508286e-01 1.272755554733460359e+00 1.064682273227693265e+00
8.194773987252147451e-01 1.281767629300416766e+00 1.075263191736272494e+00
8.213306794286706625e-01 1.281883933828004141e+00 1.074552932337994982e+00
8.321123224158575304e-01 1.277523239930953070e+00 1.066984194809443176e+00
8.102836322859384710e-01 1.289593523074438197e+00 1.060284782178485763e+00
8.104737275212314795e-01 1.274598300382281613e+00 1.058667645426017989e+00
8.414521040253455375e-01 1.282762729728451623e+00 1.066273177213778789e+00
8.398041110245157981e-01 1.289489521286467655e+00 1.085783560542602721e+00
8.393742457831796511e-01 1.291831307240574267e+00 1.061281436706714931e+00
8.242081658133449951e-01 1.308317494255963664e+00 1.065480925898137476e+00
8.187207843059702839e-01 1.300745801663626855e+00 1.056876781957815981e+00
2.184315528380305349e-02 1.947302920275054139e-01 -4.525872911274307631e-02
3.042279254202203895e-02 2.122121130994104043e-01 -5.026654350354820694e-02
2.552628157066993281e-02 1.967653430089381095e-01 -2.536857361706686131e-02
1.339612643739434422e-02 1.979728798829170355e-01 -3.364104413070061889e-02
2.836568253980105078e-02 2.093728696645366649e-01 -4.855510339954963173e-02
2.526293201299633848e-02 2.116767609268687955e-01 -2.945144437765600740e-02
3.850238809749964575e-02 1.992588314811077899e-01 -3.549874322345152045e-02
1.611335875584432933e-02 2.071531920337914556e-01 -1.799665172326762527e-02
2.259653455307001138e-02 1.988226593476219162e-01 -3.697368961771824863e-02
1.597772427258018976e-02 2.049611006463235852e-01 -2.614504466763535595e-02
2.685512805473513551e-02 2.102775066899286449e-01 -2.810201945867466314e-02
3.933966160029769843e-02 1.959276524762974259e-01 -2.968099968745590775e-02
5.067450573287220206e-02 2.098040259473359370e-01 -2.433922709919746769e-02
4.758250378857974833e-02 2.142748979246707486e-01 -6.677918599895867058e-02
6.137015003266155927e-02 2.069901809958360761e-01 -2.819952699615010938e-02
1.017891541133813527e-01 2.029656065372494600e-01 -2.988053445837758962e-02
1.588817038611517185e-01 1.938031610550997874e-01 -2.087954674235370511e-02
2.321490215125800172e-01 2.131809951494031408e-01 7.504758973425548763e-03
3.313257700824416840e-01 2.036965753853158811e-01 2.903187382402570849e-02
4.609268621729109006e-01 1.889387484856769051e-01 3.495430043319096292e-02
5.853484193723451634e-01 2.021177865228122594e-01 6.531779338471112306e-02
6.997584557548407469e-01 2.084742449864004366e-01 7.888000528179955895e-02
8.010837505322153662e-01 2.060734665897110685e-01 1.052721204955081452e-01
8.933124953802782375e-01 2.123903558020733551e-01 1.452742009576430404e-01
9.296201617832309250e-01 2.250726253654723452e-01 1.406099887978221608e-01
9.601511409142374776e-01 2.144339069514835106e-01 1.588716654075630341e-01
9.793814956007451666e-01 2.046847653341826723e-01 1.724329918827630648e-01
1.000243228779314597e+00 2.161291102354521709e-01 1.579720686353677794e-01
1.014872441859342889e+00 2.234255920185612421e-01 1.555855076295463713e-01
1.011721444197863473e+00 2.224788287785318952e-01 1.667618083717214428e-01
1.024033211547516364e+00 1.894716612501397279e-01 1.580173593543108268e-01
1.002614777517882416e+00 2.030092372419148306e-01 1.696526638666838727e-01
9.955920077541600133e-01 2.054985147279834445e-01 1.623817970517487663e-01
1.006351355625264343e+00 2.117687134061412013e-01 1.664433244622018360e-01
1.016385339692282397e+00 1.774451088453750380e-01 1.599826694481240041e-01
1.003547780184274485e+00 1.426489934049486041e-01 1.554683493969717945e-01
9.883741353924558881e-01 9.503156680049251737e-02 1.793972271002647334e-01
1.013742241219681484e+00 2.653108780730106808e-03 1.553406153159650471e-01
1.017481459855418713e+00 -8.835345270631614345e-02 1.830303257797099015e-01
9.897578345802100497e-01 -2.270857248955796825e-01 1.894700146212169312e-01
1.010061983056946611e+00 -3.558715318972422992e-01 2.116787200061641117e-01
1.008636669949495968e+00 -4.901298427023629278e-01 1.986068504981940985e-01
9.943848970889962446e-01 -5.899704084792647407e-01 2.082049431461519551e-01
9.871434577859345971e-01 -6.734096686323669534e-01 2.289265433338692479e-01
9.804308970594771688e-01 -7.190716506582890410e-01 2.384847033087065249e-01
9.973525635693858415e-01 -7.516843704554547756e-01 2.164511010798091384e-01
1.002225354981372440e+00 -7.791558833926596206e-01 2.419734104788380247e-01
9.901032968489668074e-01 -7.837866646475157850e-01 2.348091603238098291e-01
9.788671478874382270e-01 -7.759446926749722362e-01 2.388270116281816513e-01
9.928960269374307313e-01 -7.771575318179279046e-01 2.342415015563966696e-01
1.003292094924209676e+00 -8.018085084333719248e-01 2.329835407672525838e-01
1.009098571716442905e+00 -7.670698946449844291e-01 2.290575774438969869e-01
9.933222867087075914e-01 -7.845999709036394210e-01 2.242191805400359783e-01
9.925011296561329077e-01 -7.865509129241070596e-01 2.636382726849046954e-01
1.007778444525899042e+00 -7.932591289846138149e-01 2.626481886850909331e-01
9.904698810353308458e-01 -7.769471629875805974e-01 3.029463048796313673e-01
9.895393107199184080e-01 -7.551622977929961511e-01 3.511149130560111131e-01
9.616637413987978444e-01 -7.678055155261305220e-01 4.239170845409152011e-01
9.355862294946373225e-01 -7.724910565798492890e-01 5.482720343215023995e-01
9.198369128226286939e-01 -7.583556595671496758e-01 6.801060531117527619e-01
8.949121253571481471e-01 -7.514881857636197537e-01 7.900633410286449498e-01
8.498600229937264272e-01 -7.347085719020566286e-01 9.262286846862008982e-01
8.377048254481208600e-01 -7.404528796498265342e-01 1.015514790446526261e+00
8.227513548047938885e-01 -7.363604596989627993e-01 1.093618783573333086e+00
8.160669887793848831e-01 -6.942217311226860366e-01 1.152049764433385137e+00
8.083725643362720259e-01 -7.035727532137261431e-01 1.200009239055555677e+00
7.747947326950732627e-01 -7.087086392294419390e-01 1.209174632243543934e+00
7.936754615172779692e-01 -7.071903037415175897e-01 1.209402813261578391e+00
8.125192442548377914e-01 -7.136502276566051295e-01 1.202277822049211187e+00
8.008415057388781344e-01 -7.117664107368945059e-01 1.220906406763919483e+00
8.082471820066647883e-01 -7.051827784826858458e-01 1.212722274127419952e+00
7.913770468920489076e-01 -7.013950960446302396e-01 1.224399955456786149e+00
7.992227482665799076e-01 -7.010615701512061815e-01 1.238040754848837244e+00
7.952012264296631772e-01 -7.158501361949987096e-01 1.219266018044905309e+00
7.929683351624410292e-01 -6.996136009774809317e-01 1.203151128068585596e+00
8.033580829411967050e-01 -7.189326416663518460e-01 1.224105908389762076e+00
7.999313420994941248e-01 -7.149143803148231280e-01 1.217361936953515134e+00
8.097810697033496208e-01 -7.180575881000712535e-01 1.224902365342418475e+00
8.119282795296921540e-01 -6.929299453950986676e-01 1.217140436598425968e+00
7.920275801487309808e-01 -7.258257250319014586e-01 1.213272238628496646e+00
7.984792935905407063e-01 -7.146136513728643669e-01 1.202743050353568766e+00
8.241848276505172599e-01 -7.085209545359582028e-01 1.196614505204285805e+00
8.055844086349231992e-01 -7.137139496112849812e-01 1.206573577477004333e+00
7.950570488810994041e-01 -7.120000044177359211e-01 1.200666541595055037e+00
7.835100367022763690e-01 -7.191381798173115403e-01 1.209843049621053268e+00
8.175932566717470928e-01 -7.165071531587667852e-01 1.204092152120405990e+00
8.033370669086427052e-01 -7.126311863774046351e-01 1.208576507969757241e+00
8.010806264254539677e-01 -7.143187202870661112e-01 1.215896041207227940e+00
8.089805253071287172e-01 -7.118275275666517965e-01 1.215385422943005445e+00
7.947300019542932192e-01 -7.051924346086634321e-01 1.209195910335357560e+00
8.103663926690524155e-01 -7.280420246731676981e-01 1.203108571072863953e+00
7.962357832854318751e-01 -7.086569253692833747e-01 1.213531126958882655e+00
8.097567176712767711e-01 -6.944650759523706141e-01 1.211275243133767887e+00
7.955776140427851528e-01 -7.151524117933296676e-01 1.221282464289302983e+00
8.008728100519018067e-01 -7.041899552298255260e-01 1.233947151707099676e+00
8.028852946969153859e-01 -6.929536221294053666e-01 1.204231202194588013e+00
7.873235750725646742e-01 -7.213855375209606846e-01 1.224445226147037769e+00
8.074467880395655994e-01 -6.890672937719922730e-01 1.218751873213005821e+00
8.145793271058884288e-01 -6.950254454457688302e-01 1.212603565690697049e+00
1.906159267996779261e-02 2.117224519268195160e-01 -5.815982512061444731e-02
2.125118000385515724e-02 1.970332462920608707e-01 -2.155710185084732874e-02
1.278668939785309114e-02 2.095961319515629306e-01 -4.173406879005070458e-02
2.409840176606537626e-02 1.951728220017979187e-01 -3.840127114797902558e-02
2.538805188112595174e-02 1.922245616481577379e-01 -5.419428035044002168e-02
2.924083974790166532e-02 2.066946891716218426e-01 -2.087561750546534922e-02
3.785449098987214017e-02 2.224488972390859798e-01 -1.051001994686638977e-02
2.185647762435883809e-02 2.157690790221687138e-01 -4.008621732766012857e-02
2.764672044136358767e-02 2.184218871186126287e-01 -3.945521838479612575e-02
2.201853827028241173e-02 2.181874687671293556e-01 -3.673646551817796174e-02
2.754969824987683891e-02 2.083369769320485010e-01 -5.022780306316966537e-02
4.362584608754117160e-02 2.273263651620827108e-01 -7.115284441246493702e-03
4.313095829442314955e-02 2.141935158270804884e-01 -4.078412826272264508e-02
6.102426653124613798e-02 1.969668135478245818e-01 -4.309183821942820514e-02
7.267782479458574640e-02 2.045648271694243681e-01 -2.275051514249111159e-02
1.070217074141010527e-01 2.365640534927690719e-01 -1.435702709844832725e-02
1.473869653044528882e-01 2.078597107978940595e-01 -1.749336547500033451e-02
2.150807767289120431e-01 2.161449337789358716e-01 4.234526753415256140e-03
3.421779084306870722e-01 2.297181098852135173e-01 3.483090002433823773e-02
4.465756267920359956e-01 1.996923750912363293e-01 4.142459900590562960e-02
5.721964705473927548e-01 2.070200794858456372e-01 5.686981782790165307e-02
7.039690815621507669e-01 2.077445884201512549e-01 1.059352823119824455e-01
8.064579245866643209e-01 2.022146357834253561e-01 1.258196872933466937e-01
8.800063031892881860e-01 1.996278222245066458e-01 1.437333742620433563e-01
9.580031783669687995e-01 2.146886503796933410e-01 1.445171747233756077e-01
9.769041087269613177e-01 2.034426052605477764e-01 1.357481244914840457e-01
1.008631414034775631e+00 2.039325646476767839e-01 1.484571629287196881e-01
1.001007122225392898e+00 2.065233389736116643e-01 1.680060478759883846e-01
1.001398363918633239e+00 2.023639718278018584e-01 1.602266720203777695e-01
1.003722359323548696e+00 2.056824324384054492e-01 1.563932488232310791e-01
1.013697501884486707e+00 2.045557232639443335e-01 1.564216239663436814e-01
1.010920769226870908e+00 1.943450870886640203e-01 1.376971356410017777e-01
1.004062513589132788e+00 2.261189177499901559e-01 1.499583330059035546e-01
1.021175997286034587e+00 2.225321140592799452e-01 1.693813254566406967e-01
1.016929940434847746e+00 2.434178717085856980e-01 1.491808766912702255e-01
1.006939517879055890e+00 2.755892414456992956e-01 1.641032540451266564e-01
1.015805020787145185e+00 3.136407458410651050e-01 1.621575379270748796e-01
1.019137268484256120e+00 3.933457343675960116e-01 1.430976165975735293e-01
1.014504637210089655e+00 5.108747807223468218e-01 1.291980444287793017e-01
1.003355714385124386e+00 6.491399347052918545e-01 1.243077968857021071e-01
1.026601752048154736e+00 7.942974231816221087e-01 1.061640920425880458e-01
1.013331050577476189e+00 8.967219283359532112e-01 1.302770027945109321e-01
1.021752217366977078e+00 1.010774598224341458e+00 1.039731608285586334e-01
1.015454502844615359e+00 1.093748180276781445e+00 1.165574333597455964e-01
9.907712135220910765e-01 1.133724412879551391e+00 8.460437731952979989e-02
1.028976933388406900e+00 1.201933035549763940e+00 9.109933979058797149e-02
1.014998756810344460e+00 1.197274026998144558e+00 8.688492830389235588e-02
1.000020420279621902e+00 1.217855626274494618e+00 1.119970452394535437e-01
1.018571169467481052e+00 1.195196967048490988e+00 9.048349632676137844e-02
1.030394376458482197e+00 1.207752570922000279e+00 7.381225303127797455e-02
1.038620129690083216e+00 1.219130538487713578e+00 8.247268350272271564e-02
1.028317741955961484e+00 1.202795303819688577e+00 8.801068752099071302e-02
1.007858699662881996e+00 1.213426969181322423e+00 7.512288865063744547e-02
1.022934238702649434e+00 1.216673398060700073e+00 8.816328216113752947e-02
1.011937494243215996e+00 1.193175359062807361e+00 1.237146275352600938e-01
1.019968592811064889e+00 1.219316418507124133e+00 1.568218847742704480e-01
1.001822479750613004e+00 1.233985329688634724e+00 2.067988997995234834e-01
9.822950325814384653e-01 1.237644136547321416e+00 2.794595345569468314e-01
9.556398182202100466e-01 1.241900476606683679e+00 3.780220380668019575e-01
9.398784455582775976e-01 1.229528477207791903e+00 4.985373577476689966e-01
8.971234737152619099e-01 1.252204829402177255e+00 6.476238479442139040e-01
8.697174004744739895e-01 1.265441361121940833e+00 7.699441764608789818e-01
8.746232892675481763e-01 1.272812574931307728e+00 8.794963377547960759e-01
8.556852266343311086e-01 1.278537701716171204e+00 9.525182123778429544e-01
8.478598531542851369e-01 1.279493829291920015e+00 1.005977876347210476e+00
8.519219769399447584e-01 1.293826814131284086e+00 1.010068079604166336e+00
8.290849026145780121e-01 1.297487759103770566e+00 1.046876319727731763e+00
8.350429675522160755e-01 1.287071843472902266e+00 1.086300578121982552e+00
8.224253422349656617e-01 1.298283700394129658e+00 1.073160266566467680e+00
8.213376561961293065e-01 1.278007813300384488e+00 1.054894374769660637e+00
8.327759428974983447e-01 1.269730235552576580e+00 1.050753136193793402e+00
