5.916867256164550781e-01 9.811880588531494141e-01 1.817319393157958984e+00
6.112049221992492676e-01 1.090933918952941895e+00 1.785780787467956543e+00
6.479651331901550293e-01 1.268260717391967773e+00 1.758974075317382812e+00
6.844650506973266602e-01 1.403900861740112305e+00 1.747378110885620117e+00
7.026752829551696777e-01 1.579874038696289062e+00 1.672033190727233887e+00
7.146345376968383789e-01 1.757024288177490234e+00 1.610537409782409668e+00
7.341329455375671387e-01 2.022435665130615234e+00 1.465297698974609375e+00
8.057218790054321289e-01 2.165832281112670898e+00 1.378728866577148438e+00
8.063635826110839844e-01 2.166213750839233398e+00 1.387249350547790527e+00
8.271220326423645020e-01 2.265135765075683594e+00 1.312161564826965332e+00
8.252342939376831055e-01 2.270973443984985352e+00 1.303766727447509766e+00
8.250072002410888672e-01 2.275378704071044922e+00 1.298321485519409180e+00
8.232171535491943359e-01 2.257435321807861328e+00 1.312415480613708496e+00
8.252378702163696289e-01 2.275526762008666992e+00 1.298853874206542969e+00
8.269166946411132812e-01 2.257988691329956055e+00 1.321943521499633789e+00
8.233178853988647461e-01 2.274302721023559570e+00 1.298706412315368652e+00
8.254552483558654785e-01 2.263547182083129883e+00 1.308307170867919922e+00
8.228852748870849609e-01 2.271993160247802734e+00 1.296721577644348145e+00
8.161245584487915039e-01 2.207326173782348633e+00 1.335167288780212402e+00
8.240312337875366211e-01 2.253880500793457031e+00 1.318263053894042969e+00
8.232904076576232910e-01 2.241157054901123047e+00 1.330365180969238281e+00
8.236970901489257812e-01 2.276985168457031250e+00 1.297241926193237305e+00
8.333803415298461914e-01 2.300236940383911133e+00 1.299804091453552246e+00
8.222110867500305176e-01 2.251725435256958008e+00 1.313152909278869629e+00
8.211727142333984375e-01 2.285236120223999023e+00 1.289507985115051270e+00
8.199990391731262207e-01 2.247897148132324219e+00 1.312246322631835938e+00
8.197212219238281250e-01 2.263632535934448242e+00 1.299937009811401367e+00
8.274011611938476562e-01 2.271975517272949219e+00 1.304741740226745605e+00
8.246588706970214844e-01 2.268429517745971680e+00 1.304923653602600098e+00
8.219729661941528320e-01 2.249352216720581055e+00 1.314220786094665527e+00
8.268022537231445312e-01 2.287565469741821289e+00 1.297255277633666992e+00
8.231853246688842773e-01 2.269847154617309570e+00 1.297748327255249023e+00
8.302447795867919922e-01 2.283204317092895508e+00 1.302532434463500977e+00
8.229849338531494141e-01 2.254303932189941406e+00 1.310040354728698730e+00
8.163740634918212891e-01 2.227135419845581055e+00 1.322508215904235840e+00
8.282424211502075195e-01 2.294124126434326172e+00 1.296939611434936523e+00
8.234122395515441895e-01 2.259249687194824219e+00 1.308164715766906738e+00
8.270159959793090820e-01 2.261033773422241211e+00 1.320903897285461426e+00
8.244712352752685547e-01 2.277412176132202148e+00 1.296947836875915527e+00
8.214253187179565430e-01 2.260303735733032227e+00 1.307072997093200684e+00
8.187872171401977539e-01 2.265555620193481445e+00 1.304063677787780762e+00
8.243808746337890625e-01 2.274927377700805664e+00 1.297809004783630371e+00
4.418807029724121094e-01 1.640674620866775513e-01 2.108806848526000977e+00
4.417439103126525879e-01 1.643601804971694946e-01 2.108307361602783203e+00
4.414156079292297363e-01 1.646861433982849121e-01 2.107536315917968750e+00
4.430645108222961426e-01 1.657529324293136597e-01 2.108541488647460938e+00
4.424234032630920410e-01 1.642805635929107666e-01 2.108845472335815430e+00
4.425772428512573242e-01 1.640201658010482788e-01 2.109249114990234375e+00
4.427756667137145996e-01 1.643896549940109253e-01 2.109055519104003906e+00
4.411550760269165039e-01 1.629401147365570068e-01 2.107868671417236328e+00
4.425610303878784180e-01 1.643460392951965332e-01 2.108755826950073242e+00
4.430664777755737305e-01 1.648321598768234253e-01 2.109654664993286133e+00
4.420264363288879395e-01 1.638977527618408203e-01 2.108643293380737305e+00
4.442796707153320312e-01 1.653520166873931885e-01 2.110535621643066406e+00
4.434614777565002441e-01 1.659937798976898193e-01 2.108983516693115234e+00
4.416515231132507324e-01 1.626517325639724731e-01 2.108309984207153320e+00
4.392911195755004883e-01 1.593337655067443848e-01 2.106590747833251953e+00
4.338994622230529785e-01 1.472788304090499878e-01 2.104501247406005859e+00
4.195750951766967773e-01 1.208884194493293762e-01 2.096122264862060547e+00
4.101245403289794922e-01 1.048572733998298645e-01 2.090532302856445312e+00
4.017744064331054688e-01 9.473478049039840698e-02 2.085244417190551758e+00
3.898681402206420898e-01 7.874152809381484985e-02 2.077229261398315430e+00
3.783102035522460938e-01 6.180601567029953003e-02 2.069449424743652344e+00
3.654322028160095215e-01 4.341432824730873108e-02 2.060792446136474609e+00
3.554803729057312012e-01 2.707732655107975006e-02 2.055810928344726562e+00
3.460499048233032227e-01 1.048007421195507050e-02 2.051155567169189453e+00
3.408519625663757324e-01 2.912975847721099854e-03 2.048705577850341797e+00
3.378658890724182129e-01 -2.053780481219291687e-03 2.048092842102050781e+00
3.388578891754150391e-01 -9.404122829437255859e-04 2.047689437866210938e+00
3.399416208267211914e-01 1.423148438334465027e-03 2.049146413803100586e+00
3.372756242752075195e-01 -2.875814214348793030e-03 2.046454668045043945e+00
3.386428356170654297e-01 -6.832294166088104248e-04 2.047233104705810547e+00
3.370373845100402832e-01 -3.174232318997383118e-03 2.045125961303710938e+00
3.390272259712219238e-01 1.873485743999481201e-04 2.046756029129028320e+00
3.359112739562988281e-01 -5.020180717110633850e-03 2.045088052749633789e+00
3.374015688896179199e-01 -1.048753038048744202e-03 2.045288562774658203e+00
3.345891237258911133e-01 -4.978977143764495850e-03 2.043820619583129883e+00
3.311077952384948730e-01 -8.576253429055213928e-03 2.040261745452880859e+00
3.199639916419982910e-01 -2.881374768912792206e-02 2.037452936172485352e+00
3.132187128067016602e-01 -3.826654702425003052e-02 2.033593893051147461e+00
3.016726374626159668e-01 -5.813725292682647705e-02 2.028982877731323242e+00
2.858376502990722656e-01 -8.475244790315628052e-02 2.022672176361083984e+00
2.747488021850585938e-01 -1.039306595921516418e-01 2.018208265304565430e+00
2.645830512046813965e-01 -1.202036216855049133e-01 2.012626886367797852e+00
2.553131580352783203e-01 -1.358869224786758423e-01 2.007715463638305664e+00
2.525740861892700195e-01 -1.405269652605056763e-01 2.006461381912231445e+00
2.423886805772781372e-01 -1.560480743646621704e-01 1.998056292533874512e+00
2.411677986383438110e-01 -1.605647504329681396e-01 2.000954627990722656e+00
2.384335845708847046e-01 -1.656642109155654907e-01 1.999813795089721680e+00
2.407728284597396851e-01 -1.605473309755325317e-01 2.000220298767089844e+00
2.377195805311203003e-01 -1.661062538623809814e-01 1.998443484306335449e+00
2.352756708860397339e-01 -1.708290129899978638e-01 1.996118307113647461e+00
2.391812354326248169e-01 -1.652456074953079224e-01 2.000933647155761719e+00
2.382664531469345093e-01 -1.649586856365203857e-01 1.998515963554382324e+00
2.393483966588973999e-01 -1.626924723386764526e-01 1.999098181724548340e+00
2.376867681741714478e-01 -1.655834913253784180e-01 1.996652722358703613e+00
2.279831022024154663e-01 -1.825891137123107910e-01 1.982859492301940918e+00
2.218127697706222534e-01 -1.927775591611862183e-01 1.975008368492126465e+00
1.990313678979873657e-01 -2.277634292840957642e-01 1.950827598571777344e+00
1.595479398965835571e-01 -2.907069623470306396e-01 1.919022917747497559e+00
1.239939033985137939e-01 -3.526779115200042725e-01 1.898343801498413086e+00
8.800734579563140869e-02 -4.255627691745758057e-01 1.883326649665832520e+00
5.775500833988189697e-02 -4.867295324802398682e-01 1.858685374259948730e+00
1.915995776653289795e-02 -5.580635666847229004e-01 1.830714225769042969e+00
-7.694925367832183838e-02 -7.069608569145202637e-01 1.773105740547180176e+00
-1.763157397508621216e-01 -8.303770422935485840e-01 1.708340048789978027e+00
-2.973580956459045410e-01 -9.548400044441223145e-01 1.645538091659545898e+00
-3.940507769584655762e-01 -1.051822185516357422e+00 1.584826231002807617e+00
-3.918138742446899414e-01 -1.062236309051513672e+00 1.589166283607482910e+00
-3.927488923072814941e-01 -1.055957317352294922e+00 1.586061000823974609e+00
-3.929235935211181641e-01 -1.058049559593200684e+00 1.587669968605041504e+00
-3.919479250907897949e-01 -1.060108184814453125e+00 1.587897896766662598e+00
-3.929667472839355469e-01 -1.054512977600097656e+00 1.585349917411804199e+00
-3.920459151268005371e-01 -1.059361577033996582e+00 1.587512969970703125e+00
-3.915413618087768555e-01 -1.060936570167541504e+00 1.587972998619079590e+00
-3.934745788574218750e-01 -1.053177952766418457e+00 1.585054755210876465e+00
-3.921629190444946289e-01 -1.061101198196411133e+00 1.588817358016967773e+00
-3.926042318344116211e-01 -1.055143594741821289e+00 1.585344672203063965e+00
-3.930356502532958984e-01 -1.059443235397338867e+00 1.588736534118652344e+00
-3.924751877784729004e-01 -1.058476924896240234e+00 1.587426781654357910e+00
-3.929240107536315918e-01 -1.057143211364746094e+00 1.587062716484069824e+00
-3.919100165367126465e-01 -1.060806751251220703e+00 1.588321328163146973e+00
-3.927399516105651855e-01 -1.059200048446655273e+00 1.588224291801452637e+00
-3.926172852516174316e-01 -1.057477116584777832e+00 1.586924433708190918e+00
-3.923885822296142578e-01 -1.056302666664123535e+00 1.585867047309875488e+00
-3.926268219947814941e-01 -1.057391762733459473e+00 1.586878418922424316e+00
-3.927334547042846680e-01 -1.057497262954711914e+00 1.587075114250183105e+00
-3.922781348228454590e-01 -1.061147451400756836e+00 1.588984370231628418e+00
-3.939703702926635742e-01 -1.052253842353820801e+00 1.585020661354064941e+00
-3.928254246711730957e-01 -1.055202245712280273e+00 1.585645198822021484e+00
-3.919411301612854004e-01 -1.061591982841491699e+00 1.588884472846984863e+00
-3.918295502662658691e-01 -1.058801174163818359e+00 1.586881875991821289e+00
-3.920310735702514648e-01 -1.063183546066284180e+00 1.590057730674743652e+00
-3.918184638023376465e-01 -1.060334205627441406e+00 1.587896347045898438e+00
-3.937039375305175781e-01 -1.049790978431701660e+00 1.583054900169372559e+00
-3.929783701896667480e-01 -1.055359125137329102e+00 1.585930943489074707e+00
-3.929908275604248047e-01 -1.057528018951416016e+00 1.587399601936340332e+00
-3.916704058647155762e-01 -1.064714074134826660e+00 1.590657830238342285e+00
-3.919623494148254395e-01 -1.059237241744995117e+00 1.587330937385559082e+00
-3.916857242584228516e-01 -1.058677434921264648e+00 1.586629033088684082e+00
-3.926633596420288086e-01 -1.055205821990966797e+00 1.585456252098083496e+00
4.428348541259765625e-01 1.645498722791671753e-01 2.109173536300659180e+00
4.406411051750183105e-01 1.645398736000061035e-01 2.105794668197631836e+00
4.435070753097534180e-01 1.671008616685867310e-01 2.108309507369995117e+00
4.425004720687866211e-01 1.645718365907669067e-01 2.109054565429687500e+00
4.430886507034301758e-01 1.657738089561462402e-01 2.108570337295532227e+00
4.435445666313171387e-01 1.656250506639480591e-01 2.109997034072875977e+00
4.422901272773742676e-01 1.641869395971298218e-01 2.108875751495361328e+00
4.411827325820922852e-01 1.632547527551651001e-01 2.107846260070800781e+00
4.431524872779846191e-01 1.648077964782714844e-01 2.109765052795410156e+00
4.437366724014282227e-01 1.664045602083206177e-01 2.109234094619750977e+00
4.430992603302001953e-01 1.648357510566711426e-01 2.109524011611938477e+00
4.433356523513793945e-01 1.647399514913558960e-01 2.109812974929809570e+00
4.427244663238525391e-01 1.640112549066543579e-01 2.109048366546630859e+00
4.405214786529541016e-01 1.614851802587509155e-01 2.107588529586791992e+00
4.392033219337463379e-01 1.592134386301040649e-01 2.106822967529296875e+00
4.347532391548156738e-01 1.490379124879837036e-01 2.104489326477050781e+00
4.220076799392700195e-01 1.253270804882049561e-01 2.097344160079956055e+00
4.124373793601989746e-01 1.110434159636497498e-01 2.091749429702758789e+00
4.006274342536926270e-01 9.423613548278808594e-02 2.083889245986938477e+00
3.876547813415527344e-01 7.549209147691726685e-02 2.075401306152343750e+00
3.785028457641601562e-01 6.220126897096633911e-02 2.069736003875732422e+00
3.670293688774108887e-01 4.473879933357238770e-02 2.061498403549194336e+00
3.553538322448730469e-01 2.603940106928348541e-02 2.056450605392456055e+00
3.486111760139465332e-01 1.570795662701129913e-02 2.052048921585083008e+00
3.415050506591796875e-01 3.903990611433982849e-03 2.048447370529174805e+00
3.410729765892028809e-01 3.792162984609603882e-03 2.048525333404541016e+00
3.410703539848327637e-01 3.395857289433479309e-03 2.048631668090820312e+00
3.355697989463806152e-01 -6.885601207613945007e-03 2.045815229415893555e+00
3.374689221382141113e-01 -2.770302817225456238e-03 2.047485828399658203e+00
3.382021188735961914e-01 -9.609740227460861206e-04 2.047280311584472656e+00
3.377354741096496582e-01 -1.770239323377609253e-03 2.045428752899169922e+00
3.359997868537902832e-01 -6.215522065758705139e-03 2.047038793563842773e+00
3.396784663200378418e-01 8.157268166542053223e-05 2.049168348312377930e+00
3.400570154190063477e-01 -3.433115780353546143e-04 2.047934770584106445e+00
3.356887102127075195e-01 -1.012526638805866241e-02 2.046863317489624023e+00
3.379384875297546387e-01 -7.799277082085609436e-03 2.047566175460815430e+00
3.321295976638793945e-01 -2.101538144052028656e-02 2.043941736221313477e+00
3.175417184829711914e-01 -4.735621064901351929e-02 2.034151077270507812e+00
3.015391826629638672e-01 -7.603790611028671265e-02 2.023687362670898438e+00
2.860907316207885742e-01 -9.932246804237365723e-02 2.012797117233276367e+00
2.526470422744750977e-01 -1.452973634004592896e-01 1.993679881095886230e+00
2.378052920103073120e-01 -1.632738262414932251e-01 1.985890269279479980e+00
2.258181124925613403e-01 -1.769909411668777466e-01 1.978581786155700684e+00
2.182563394308090210e-01 -1.868516057729721069e-01 1.975031018257141113e+00
2.050559669733047485e-01 -2.021804898977279663e-01 1.965237140655517578e+00
1.995132714509963989e-01 -2.085915356874465942e-01 1.961056113243103027e+00
1.996678262948989868e-01 -2.092672437429428101e-01 1.961409807205200195e+00
2.017244845628738403e-01 -2.078095823526382446e-01 1.963359713554382324e+00
1.962105780839920044e-01 -2.119935154914855957e-01 1.958513975143432617e+00
1.951275616884231567e-01 -2.144828587770462036e-01 1.958166480064392090e+00
2.010769993066787720e-01 -2.065943032503128052e-01 1.962114334106445312e+00
1.943737417459487915e-01 -2.146625071763992310e-01 1.957312941551208496e+00
1.983779221773147583e-01 -2.095561176538467407e-01 1.960150480270385742e+00
1.891977936029434204e-01 -2.168590873479843140e-01 1.950769186019897461e+00
1.819530278444290161e-01 -2.253586202859878540e-01 1.945787549018859863e+00
1.743064075708389282e-01 -2.319650501012802124e-01 1.937815546989440918e+00
1.584485173225402832e-01 -2.478321641683578491e-01 1.923183560371398926e+00
1.334333121776580811e-01 -2.728336155414581299e-01 1.900450348854064941e+00
9.976881742477416992e-02 -3.211357593536376953e-01 1.870917320251464844e+00
5.897377431392669678e-02 -3.967331349849700928e-01 1.836128473281860352e+00
1.988615095615386963e-02 -4.837310612201690674e-01 1.811099052429199219e+00
-5.244557559490203857e-02 -6.076619029045104980e-01 1.742122769355773926e+00
-1.076357811689376831e-01 -6.938928961753845215e-01 1.701657652854919434e+00
-3.127208352088928223e-01 -9.199472069740295410e-01 1.591260910034179688e+00
-3.942514657974243164e-01 -1.008922576904296875e+00 1.556303858757019043e+00
-3.942726254463195801e-01 -1.009576797485351562e+00 1.556767463684082031e+00
-3.975706100463867188e-01 -1.034829020500183105e+00 1.577590823173522949e+00
-3.980032801628112793e-01 -1.038066983222961426e+00 1.580272436141967773e+00
-3.964982628822326660e-01 -1.027145862579345703e+00 1.571173667907714844e+00
-3.963898420333862305e-01 -1.025463104248046875e+00 1.569917678833007812e+00
-3.986616134643554688e-01 -1.042948603630065918e+00 1.584322333335876465e+00
-3.961901664733886719e-01 -1.024617671966552734e+00 1.569115042686462402e+00
-3.970639109611511230e-01 -1.031142115592956543e+00 1.574520707130432129e+00
-3.964500427246093750e-01 -1.026431322097778320e+00 1.570637822151184082e+00
-3.963695168495178223e-01 -1.025884985923767090e+00 1.570176482200622559e+00
-3.957216143608093262e-01 -1.021300435066223145e+00 1.566337943077087402e+00
-3.987808823585510254e-01 -1.043835401535034180e+00 1.585057735443115234e+00
-3.979322314262390137e-01 -1.037537574768066406e+00 1.579833626747131348e+00
-3.978986144065856934e-01 -1.037263154983520508e+00 1.579609870910644531e+00
-3.975878357887268066e-01 -1.034742712974548340e+00 1.577553272247314453e+00
-3.973364830017089844e-01 -1.033124327659606934e+00 1.576171517372131348e+00
-3.966031074523925781e-01 -1.027744412422180176e+00 1.571698784828186035e+00
-3.967760801315307617e-01 -1.029009222984313965e+00 1.572751045227050781e+00
-3.984333872795104980e-01 -1.041104197502136230e+00 1.582816481590270996e+00
-3.973885774612426758e-01 -1.033561229705810547e+00 1.576525926589965820e+00
-3.982254266738891602e-01 -1.039531826972961426e+00 1.581516742706298828e+00
-3.984476327896118164e-01 -1.041149854660034180e+00 1.582863807678222656e+00
-3.977404236793518066e-01 -1.035795569419860840e+00 1.578439235687255859e+00
-3.964374065399169922e-01 -1.026507139205932617e+00 1.570673584938049316e+00
-3.976459503173828125e-01 -1.035234212875366211e+00 1.577951431274414062e+00
-3.970145583152770996e-01 -1.030700445175170898e+00 1.574166417121887207e+00
-3.968284726142883301e-01 -1.029321551322937012e+00 1.573022246360778809e+00
-3.969401121139526367e-01 -1.030428886413574219e+00 1.573896408081054688e+00
-3.979540467262268066e-01 -1.037814021110534668e+00 1.580044627189636230e+00
-3.962080478668212891e-01 -1.024668812751770020e+00 1.569170475006103516e+00
-3.964589834213256836e-01 -1.026172995567321777e+00 1.570475220680236816e+00
-3.968634605407714844e-01 -1.029498457908630371e+00 1.573182106018066406e+00
-3.982742428779602051e-01 -1.040248990058898926e+00 1.582055091857910156e+00
-3.975751996040344238e-01 -1.034798145294189453e+00 1.577575445175170898e+00
4.421466588973999023e-01 1.635997891426086426e-01 2.109171867370605469e+00
4.443444013595581055e-01 1.666037142276763916e-01 2.110938072204589844e+00
4.423217177391052246e-01 1.638779789209365845e-01 2.108686208724975586e+00
4.420470595359802246e-01 1.638215631246566772e-01 2.108260869979858398e+00
4.408806562423706055e-01 1.625238955020904541e-01 2.107856273651123047e+00
4.432629346847534180e-01 1.658599376678466797e-01 2.108795166015625000e+00
4.437400102615356445e-01 1.657393425703048706e-01 2.109926939010620117e+00
4.426030516624450684e-01 1.657331883907318115e-01 2.108602523803710938e+00
4.458820819854736328e-01 1.674920171499252319e-01 2.111839056015014648e+00
4.421636462211608887e-01 1.643364578485488892e-01 2.108676195144653320e+00
4.440503716468811035e-01 1.673548668622970581e-01 2.109051227569580078e+00
4.421881437301635742e-01 1.637717932462692261e-01 2.109091520309448242e+00
4.428352117538452148e-01 1.642190963029861450e-01 2.109242677688598633e+00
4.411144256591796875e-01 1.624413579702377319e-01 2.107973575592041016e+00
4.385844469070434570e-01 1.572453826665878296e-01 2.106609344482421875e+00
4.313017725944519043e-01 1.419202685356140137e-01 2.103219032287597656e+00
4.234567284584045410e-01 1.247947067022323608e-01 2.099299430847167969e+00
4.128099679946899414e-01 1.089171022176742554e-01 2.092381954193115234e+00
3.994396328926086426e-01 9.198705106973648071e-02 2.083252429962158203e+00
3.892434239387512207e-01 7.700230181217193604e-02 2.076823472976684570e+00
3.788294792175292969e-01 6.185366958379745483e-02 2.070112228393554688e+00
3.652851581573486328e-01 4.236751049757003784e-02 2.061241626739501953e+00
3.558156490325927734e-01 2.794096432626247406e-02 2.055900573730468750e+00
3.478288054466247559e-01 1.537503488361835480e-02 2.052024364471435547e+00
3.416135311126708984e-01 3.930924460291862488e-03 2.050245046615600586e+00
3.390055894851684570e-01 6.464850157499313354e-04 2.046638250350952148e+00
3.393101096153259277e-01 1.929663121700286865e-04 2.048462390899658203e+00
3.371993899345397949e-01 -3.338832408189773560e-03 2.045447826385498047e+00
3.372926712036132812e-01 -2.487951889634132385e-03 2.045770645141601562e+00
3.401417732238769531e-01 1.231748610734939575e-03 2.048086404800415039e+00
3.393808603286743164e-01 6.909482181072235107e-05 2.048131942749023438e+00
3.378207087516784668e-01 -3.521248698234558105e-03 2.046574115753173828e+00
3.361989855766296387e-01 -4.758547991514205933e-03 2.045549631118774414e+00
3.354047536849975586e-01 -8.248368278145790100e-03 2.046195507049560547e+00
3.405405879020690918e-01 -6.166212260723114014e-04 2.049121856689453125e+00
3.349303603172302246e-01 -1.343432255089282990e-02 2.045341491699218750e+00
3.298068046569824219e-01 -2.357614971697330475e-02 2.042055368423461914e+00
3.178265094757080078e-01 -4.544404894113540649e-02 2.034731626510620117e+00
3.096140623092651367e-01 -6.278945505619049072e-02 2.027994871139526367e+00
2.909802198410034180e-01 -9.161099046468734741e-02 2.015415906906127930e+00
2.573584318161010742e-01 -1.375904828310012817e-01 1.996412634849548340e+00
2.388441413640975952e-01 -1.618504822254180908e-01 1.986541986465454102e+00
2.274105101823806763e-01 -1.746472865343093872e-01 1.979313969612121582e+00
2.149873524904251099e-01 -1.887650936841964722e-01 1.970781922340393066e+00
2.071375399827957153e-01 -1.996357440948486328e-01 1.966760873794555664e+00
2.035016268491744995e-01 -2.042448371648788452e-01 1.964127659797668457e+00
2.022016793489456177e-01 -2.061799019575119019e-01 1.963313102722167969e+00
1.988531500101089478e-01 -2.111573368310928345e-01 1.961347579956054688e+00
2.016323357820510864e-01 -2.060777992010116577e-01 1.962786078453063965e+00
2.027530223131179810e-01 -2.068841755390167236e-01 1.964222073554992676e+00
1.997364014387130737e-01 -2.096332162618637085e-01 1.961951375007629395e+00
2.000920325517654419e-01 -2.092666178941726685e-01 1.961930513381958008e+00
1.984858065843582153e-01 -2.131160348653793335e-01 1.961488604545593262e+00
2.075237780809402466e-01 -2.035215497016906738e-01 1.968594431877136230e+00
2.048478275537490845e-01 -2.108999639749526978e-01 1.967184185981750488e+00
1.860415488481521606e-01 -2.394301742315292358e-01 1.952767014503479004e+00
1.791358143091201782e-01 -2.535244822502136230e-01 1.945824265480041504e+00
1.506463736295700073e-01 -2.923659980297088623e-01 1.908541798591613770e+00
1.191361397504806519e-01 -3.346129357814788818e-01 1.878479242324829102e+00
7.315509021282196045e-02 -4.100096821784973145e-01 1.852474570274353027e+00
3.788818418979644775e-02 -4.810411036014556885e-01 1.836413741111755371e+00
-1.900796592235565186e-02 -5.733638405799865723e-01 1.801401376724243164e+00
-8.091633021831512451e-02 -6.877983808517456055e-01 1.754034161567687988e+00
-1.701645106077194214e-01 -8.025958538055419922e-01 1.694841742515563965e+00
-3.074969053268432617e-01 -9.407941699028015137e-01 1.617991805076599121e+00
-3.932758569717407227e-01 -1.032689571380615234e+00 1.571084856986999512e+00
-3.929586410522460938e-01 -1.033748388290405273e+00 1.571420073509216309e+00
-3.935758471488952637e-01 -1.027649164199829102e+00 1.568060159683227539e+00
-3.932039141654968262e-01 -1.030989170074462891e+00 1.569860100746154785e+00
-3.933591246604919434e-01 -1.026385664939880371e+00 1.566957116127014160e+00
-3.918730616569519043e-01 -1.029072999954223633e+00 1.567003846168518066e+00
-3.931043744087219238e-01 -1.028636932373046875e+00 1.568165540695190430e+00
-3.926555514335632324e-01 -1.032437562942504883e+00 1.570183515548706055e+00
-3.928493857383728027e-01 -1.030173063278198242e+00 1.568894267082214355e+00
-3.927611112594604492e-01 -1.034021377563476562e+00 1.571369886398315430e+00
-3.924120664596557617e-01 -1.029941201210021973e+00 1.568222403526306152e+00
-3.931092619895935059e-01 -1.030747175216674805e+00 1.569586038589477539e+00
-3.934928178787231445e-01 -1.024963140487670898e+00 1.566161513328552246e+00
-3.929705619812011719e-01 -1.029121875762939453e+00 1.568332672119140625e+00
-3.739131689071655273e-01 -1.007847785949707031e+00 1.580299019813537598e+00
-3.925163149833679199e-01 -1.034499764442443848e+00 1.571401476860046387e+00
-3.831815123558044434e-01 -1.018317341804504395e+00 1.576664686203002930e+00
-3.930249810218811035e-01 -1.030221581459045410e+00 1.569134116172790527e+00
-3.815038204193115234e-01 -1.016570448875427246e+00 1.577495217323303223e+00
-3.869933485984802246e-01 -1.021672487258911133e+00 1.573665618896484375e+00
-3.935443758964538574e-01 -1.027455806732177734e+00 1.567893385887145996e+00
-3.930429816246032715e-01 -1.028140187263488770e+00 1.567759990692138672e+00
-3.676570653915405273e-01 -9.996513724327087402e-01 1.582640290260314941e+00
-3.834502100944519043e-01 -1.018489956855773926e+00 1.576435685157775879e+00
-3.934997320175170898e-01 -1.035412669181823730e+00 1.573174715042114258e+00
-3.730329871177673340e-01 -1.007262945175170898e+00 1.581282615661621094e+00
-3.936699032783508301e-01 -1.028103470802307129e+00 1.568475842475891113e+00
-3.929736018180847168e-01 -1.027474522590637207e+00 1.567231893539428711e+00
-3.925015330314636230e-01 -1.033380508422851562e+00 1.570633769035339355e+00
-3.935859203338623047e-01 -1.028307080268859863e+00 1.568513035774230957e+00
-3.924393057823181152e-01 -1.032965183258056641e+00 1.570281863212585449e+00
-3.930894136428833008e-01 -1.030099391937255859e+00 1.569128394126892090e+00
-3.937655091285705566e-01 -1.031734704971313477e+00 1.571022987365722656e+00
-3.919329643249511719e-01 -1.033206224441528320e+00 1.569845557212829590e+00
4.415003657341003418e-01 1.637997627258300781e-01 2.108189344406127930e+00
4.426974654197692871e-01 1.643302887678146362e-01 2.109004497528076172e+00
4.419229626655578613e-01 1.640789508819580078e-01 2.108203411102294922e+00
4.416465759277343750e-01 1.644488722085952759e-01 2.107671260833740234e+00
4.416475892066955566e-01 1.632739901542663574e-01 2.108346462249755859e+00
4.432580471038818359e-01 1.650372594594955444e-01 2.109619855880737305e+00
4.435580372810363770e-01 1.658432483673095703e-01 2.109623432159423828e+00
4.430010914802551270e-01 1.648013591766357422e-01 2.109593629837036133e+00
4.418601393699645996e-01 1.659179627895355225e-01 2.107034921646118164e+00
4.442650079727172852e-01 1.660763025283813477e-01 2.110789060592651367e+00
4.421499371528625488e-01 1.648229211568832397e-01 2.108107566833496094e+00
4.405473470687866211e-01 1.632038056850433350e-01 2.106438398361206055e+00
4.401777982711791992e-01 1.660423129796981812e-01 2.104339838027954102e+00
4.411920905113220215e-01 1.667811721563339233e-01 2.105997085571289062e+00
4.393805265426635742e-01 1.692092120647430420e-01 2.102199554443359375e+00
4.387848973274230957e-01 1.713766157627105713e-01 2.099372625350952148e+00
4.286614656448364258e-01 1.723647862672805786e-01 2.081785917282104492e+00
4.238020777702331543e-01 1.743310093879699707e-01 2.072612762451171875e+00
4.132550954818725586e-01 1.666999906301498413e-01 2.060389757156372070e+00
4.122459888458251953e-01 1.651406139135360718e-01 2.059339284896850586e+00
4.015366435050964355e-01 1.536366194486618042e-01 2.048658609390258789e+00
3.932287693023681641e-01 1.508541405200958252e-01 2.036719322204589844e+00
3.850907683372497559e-01 1.500066220760345459e-01 2.024079322814941406e+00
3.803306221961975098e-01 1.594589501619338989e-01 2.012431144714355469e+00
3.808269500732421875e-01 1.790110021829605103e-01 2.001930713653564453e+00
3.800880908966064453e-01 1.813986897468566895e-01 1.998760104179382324e+00
3.751600384712219238e-01 1.610291749238967896e-01 2.002867937088012695e+00
3.771675229072570801e-01 1.717755943536758423e-01 2.000977993011474609e+00
3.757603764533996582e-01 1.717653423547744751e-01 1.998153567314147949e+00
3.809155821800231934e-01 1.926429122686386108e-01 1.993983030319213867e+00
3.792989253997802734e-01 1.813129037618637085e-01 1.997207403182983398e+00
3.790588974952697754e-01 1.780035197734832764e-01 1.998306870460510254e+00
3.789408206939697266e-01 1.840914040803909302e-01 1.996279239654541016e+00
3.826549053192138672e-01 2.084709405899047852e-01 1.987429141998291016e+00
3.860738277435302734e-01 2.181572467088699341e-01 1.987976193428039551e+00
3.966121077537536621e-01 2.509343624114990234e-01 1.986359238624572754e+00
4.118663668632507324e-01 3.158490955829620361e-01 1.974415898323059082e+00
4.301734566688537598e-01 3.929244577884674072e-01 1.960260272026062012e+00
4.432405829429626465e-01 4.395858943462371826e-01 1.951506614685058594e+00
4.505592584609985352e-01 4.958415627479553223e-01 1.922655940055847168e+00
4.682060480117797852e-01 5.467360615730285645e-01 1.900825738906860352e+00
4.929059743881225586e-01 5.950284600257873535e-01 1.897692084312438965e+00
5.105581283569335938e-01 6.466942429542541504e-01 1.886972069740295410e+00
5.233231186866760254e-01 6.810867786407470703e-01 1.882216930389404297e+00
5.403469800949096680e-01 7.309810519218444824e-01 1.872315287590026855e+00
5.404777526855468750e-01 7.351774573326110840e-01 1.868911623954772949e+00
5.421715378761291504e-01 7.449253201484680176e-01 1.863428473472595215e+00
5.414807200431823730e-01 7.321322560310363770e-01 1.874094963073730469e+00
5.443574786186218262e-01 7.445324063301086426e-01 1.867848396301269531e+00
5.426949262619018555e-01 7.348540425300598145e-01 1.873266577720642090e+00
5.445407629013061523e-01 7.454622387886047363e-01 1.866508841514587402e+00
5.431725382804870605e-01 7.416407465934753418e-01 1.867635250091552734e+00
5.431354641914367676e-01 7.377310395240783691e-01 1.871114730834960938e+00
5.498895049095153809e-01 7.598311305046081543e-01 1.872113466262817383e+00
5.514718890190124512e-01 7.721239924430847168e-01 1.874872922897338867e+00
5.742090940475463867e-01 8.875915408134460449e-01 1.851526618003845215e+00
5.931969881057739258e-01 9.655956625938415527e-01 1.851633906364440918e+00
6.200742721557617188e-01 1.058322429656982422e+00 1.831326842308044434e+00
6.561002135276794434e-01 1.154186487197875977e+00 1.810840249061584473e+00
6.867462992668151855e-01 1.259452819824218750e+00 1.782080292701721191e+00
7.022169232368469238e-01 1.358145713806152344e+00 1.750895261764526367e+00
7.147206664085388184e-01 1.537244200706481934e+00 1.694261789321899414e+00
7.112560272216796875e-01 1.727980732917785645e+00 1.626210451126098633e+00
6.860921382904052734e-01 1.909160614013671875e+00 1.524422168731689453e+00
7.761613130569458008e-01 2.101346969604492188e+00 1.416034579277038574e+00
7.830133438110351562e-01 2.129373073577880859e+00 1.385802149772644043e+00
7.969159483909606934e-01 2.182083368301391602e+00 1.350039482116699219e+00
8.034547567367553711e-01 2.206017255783081055e+00 1.335399270057678223e+00
8.083820343017578125e-01 2.227887153625488281e+00 1.317863583564758301e+00
7.969331741333007812e-01 2.187193393707275391e+00 1.341079592704772949e+00
8.170360326766967773e-01 2.254849195480346680e+00 1.305963754653930664e+00
7.883044481277465820e-01 2.148274898529052734e+00 1.371405839920043945e+00
8.207517266273498535e-01 2.262887239456176758e+00 1.305113077163696289e+00
8.018721342086791992e-01 2.205647706985473633e+00 1.328152537345886230e+00
8.084751963615417480e-01 2.228123664855957031e+00 1.317617297172546387e+00
8.010553717613220215e-01 2.193792343139648438e+00 1.342619299888610840e+00
7.982472777366638184e-01 2.189137458801269531e+00 1.342644691467285156e+00
7.984150648117065430e-01 2.182768583297729492e+00 1.352421402931213379e+00
8.039323687553405762e-01 2.209340810775756836e+00 1.333149194717407227e+00
7.977803945541381836e-01 2.189342021942138672e+00 1.340287208557128906e+00
8.082979917526245117e-01 2.224323034286499023e+00 1.321192622184753418e+00
8.086408376693725586e-01 2.228956222534179688e+00 1.317043900489807129e+00
7.920266389846801758e-01 2.164627313613891602e+00 1.359659075736999512e+00
7.859755754470825195e-01 2.147638082504272461e+00 1.362227201461791992e+00
7.940747737884521484e-01 2.176611900329589844e+00 1.348164558410644531e+00
8.069058656692504883e-01 2.215417146682739258e+00 1.327813029289245605e+00
7.943363189697265625e-01 2.175858259201049805e+00 1.351157426834106445e+00
8.009732365608215332e-01 2.199084520339965820e+00 1.338997721672058105e+00
8.017500638961791992e-01 2.200977087020874023e+00 1.338153243064880371e+00
7.920176982879638672e-01 2.166972160339355469e+00 1.356907963752746582e+00
8.008641004562377930e-01 2.196383953094482422e+00 1.341056585311889648e+00
8.138973712921142578e-01 2.244275331497192383e+00 1.311062455177307129e+00
8.140316009521484375e-01 2.242877006530761719e+00 1.314466714859008789e+00
8.030667304992675781e-01 2.201968431472778320e+00 1.340063929557800293e+00
8.120507001876831055e-01 2.238045215606689453e+00 1.313758730888366699e+00
7.920689582824707031e-01 2.162446975708007812e+00 1.362164258956909180e+00
7.890582084655761719e-01 2.151209831237792969e+00 1.367344379425048828e+00
8.116583824157714844e-01 2.233315229415893555e+00 1.321815609931945801e+00
7.880159616470336914e-01 2.153347253799438477e+00 1.361101508140563965e+00
4.437791705131530762e-01 1.657175570726394653e-01 2.109971046447753906e+00
4.411259293556213379e-01 1.644894480705261230e-01 2.106771707534790039e+00
4.424132108688354492e-01 1.648048311471939087e-01 2.108465433120727539e+00
4.448871612548828125e-01 1.673487871885299683e-01 2.110635280609130859e+00
4.433237314224243164e-01 1.647407859563827515e-01 2.110076904296875000e+00
4.447512030601501465e-01 1.661112308502197266e-01 2.111323118209838867e+00
4.419626593589782715e-01 1.639982610940933228e-01 2.108472108840942383e+00
4.400887489318847656e-01 1.620043069124221802e-01 2.107053995132446289e+00
4.425262808799743652e-01 1.652792394161224365e-01 2.108402729034423828e+00
4.435174465179443359e-01 1.652890890836715698e-01 2.109751462936401367e+00
4.427644610404968262e-01 1.659749001264572144e-01 2.108199119567871094e+00
4.433031678199768066e-01 1.663937121629714966e-01 2.108593940734863281e+00
4.424942731857299805e-01 1.647641211748123169e-01 2.109136581420898438e+00
4.430488944053649902e-01 1.659403443336486816e-01 2.109201431274414062e+00
4.420490860939025879e-01 1.685195863246917725e-01 2.106028079986572266e+00
4.372128844261169434e-01 1.706966757774353027e-01 2.097455739974975586e+00
4.297125935554504395e-01 1.716182678937911987e-01 2.084079504013061523e+00
4.202135205268859863e-01 1.714217513799667358e-01 2.068710565567016602e+00
4.145387411117553711e-01 1.668843477964401245e-01 2.062412500381469727e+00
4.127401709556579590e-01 1.650815159082412720e-01 2.060110569000244141e+00
3.979997038841247559e-01 1.540174633264541626e-01 2.042408704757690430e+00
3.910146951675415039e-01 1.510574072599411011e-01 2.032574892044067383e+00
3.846929073333740234e-01 1.572001129388809204e-01 2.019760131835937500e+00
3.819667696952819824e-01 1.639363914728164673e-01 2.013024806976318359e+00
3.766108155250549316e-01 1.609727889299392700e-01 2.005682706832885742e+00
3.781483769416809082e-01 1.705478727817535400e-01 2.002118825912475586e+00
3.795092701911926270e-01 1.819098144769668579e-01 1.998335123062133789e+00
3.773820996284484863e-01 1.760199815034866333e-01 1.998167157173156738e+00
3.762497305870056152e-01 1.728781759738922119e-01 1.998590826988220215e+00
3.792646527290344238e-01 1.779356747865676880e-01 1.999736547470092773e+00
3.748981952667236328e-01 1.717456132173538208e-01 1.996719360351562500e+00
3.807345628738403320e-01 1.958205848932266235e-01 1.992053151130676270e+00
3.828743100166320801e-01 2.012013643980026245e-01 1.991719126701354980e+00
3.825832009315490723e-01 2.017443329095840454e-01 1.991326451301574707e+00
3.866463303565979004e-01 2.166730016469955444e-01 1.989799380302429199e+00
3.981543779373168945e-01 2.609857916831970215e-01 1.983000516891479492e+00
4.111871719360351562e-01 3.181390166282653809e-01 1.971434473991394043e+00
4.296726584434509277e-01 3.852845132350921631e-01 1.963763236999511719e+00
4.405731558799743652e-01 4.445402622222900391e-01 1.943023443222045898e+00
4.485070109367370605e-01 4.975504875183105469e-01 1.917941570281982422e+00
4.707902073860168457e-01 5.482544302940368652e-01 1.906598806381225586e+00
4.914006590843200684e-01 5.962539911270141602e-01 1.894284844398498535e+00
5.132412314414978027e-01 6.567119359970092773e-01 1.883880734443664551e+00
5.360423326492309570e-01 7.135309576988220215e-01 1.879585623741149902e+00
5.412247776985168457e-01 7.410669922828674316e-01 1.864794611930847168e+00
5.370188951492309570e-01 7.149783968925476074e-01 1.879719257354736328e+00
5.428542494773864746e-01 7.424535155296325684e-01 1.868150115013122559e+00
5.420307517051696777e-01 7.457290291786193848e-01 1.862406611442565918e+00
5.429258346557617188e-01 7.376829981803894043e-01 1.871047377586364746e+00
5.422555804252624512e-01 7.370631098747253418e-01 1.870150923728942871e+00
5.436761379241943359e-01 7.440044283866882324e-01 1.866734147071838379e+00
5.452588796615600586e-01 7.570472359657287598e-01 1.860247135162353516e+00
5.466305613517761230e-01 7.583408355712890625e-01 1.861996293067932129e+00
5.477544069290161133e-01 7.652075290679931641e-01 1.858920574188232422e+00
5.575252771377563477e-01 8.220666050910949707e-01 1.858968615531921387e+00
5.655801296234130859e-01 8.657045960426330566e-01 1.856029272079467773e+00
5.728604197502136230e-01 9.188027977943420410e-01 1.833657622337341309e+00
5.924021005630493164e-01 9.788416028022766113e-01 1.815825939178466797e+00
6.164016723632812500e-01 1.109238624572753906e+00 1.783995747566223145e+00
6.468156576156616211e-01 1.273703813552856445e+00 1.755599617958068848e+00
6.819531321525573730e-01 1.397291183471679688e+00 1.750157952308654785e+00
7.005149126052856445e-01 1.568928241729736328e+00 1.673743486404418945e+00
7.149221301078796387e-01 1.781066298484802246e+00 1.603003978729248047e+00
7.051822543144226074e-01 1.881663322448730469e+00 1.554092884063720703e+00
8.152610659599304199e-01 2.202706813812255859e+00 1.345839500427246094e+00
8.242535591125488281e-01 2.262368917465209961e+00 1.313188195228576660e+00
8.252336382865905762e-01 2.265263795852661133e+00 1.308257460594177246e+00
8.194800615310668945e-01 2.235809326171875000e+00 1.323046684265136719e+00
8.280541896820068359e-01 2.271150588989257812e+00 1.305235862731933594e+00
8.204365968704223633e-01 2.256550073623657227e+00 1.305425167083740234e+00
8.150297403335571289e-01 2.214212894439697266e+00 1.333551645278930664e+00
8.255823850631713867e-01 2.267976045608520508e+00 1.312058329582214355e+00
8.249487876892089844e-01 2.251769542694091797e+00 1.319165825843811035e+00
8.213638663291931152e-01 2.242655038833618164e+00 1.329253673553466797e+00
8.277171254158020020e-01 2.281111240386962891e+00 1.298620462417602539e+00
8.190269470214843750e-01 2.248661279678344727e+00 1.314595937728881836e+00
8.283967971801757812e-01 2.284685134887695312e+00 1.300148963928222656e+00
8.208812475204467773e-01 2.242986679077148438e+00 1.323650598526000977e+00
8.244089484214782715e-01 2.261581182479858398e+00 1.312223196029663086e+00
8.293511867523193359e-01 2.272507667541503906e+00 1.313427209854125977e+00
8.216748833656311035e-01 2.258816242218017578e+00 1.307352185249328613e+00
8.280471563339233398e-01 2.266868591308593750e+00 1.306640505790710449e+00
8.238222599029541016e-01 2.278829336166381836e+00 1.296484470367431641e+00
8.283847570419311523e-01 2.286623239517211914e+00 1.299727916717529297e+00
8.231619596481323242e-01 2.250758647918701172e+00 1.317162394523620605e+00
8.183940649032592773e-01 2.238025426864624023e+00 1.322453260421752930e+00
8.241690993309020996e-01 2.257900238037109375e+00 1.314786195755004883e+00
8.245909810066223145e-01 2.268705129623413086e+00 1.299695611000061035e+00
8.264688253402709961e-01 2.283521890640258789e+00 1.297337174415588379e+00
8.264071941375732422e-01 2.282615184783935547e+00 1.297810912132263184e+00
8.230037093162536621e-01 2.265430450439453125e+00 1.304987072944641113e+00
8.281282186508178711e-01 2.268595457077026367e+00 1.307778000831604004e+00
8.233001232147216797e-01 2.257065296173095703e+00 1.306977033615112305e+00
8.223308324813842773e-01 2.260775327682495117e+00 1.310626745223999023e+00
8.275233507156372070e-01 2.296671152114868164e+00 1.295326828956604004e+00
8.238526582717895508e-01 2.254610776901245117e+00 1.319646239280700684e+00
8.327685594558715820e-01 2.282037496566772461e+00 1.310674190521240234e+00
8.283138871192932129e-01 2.261106491088867188e+00 1.317999601364135742e+00
8.256704807281494141e-01 2.235486507415771484e+00 1.333743810653686523e+00
4.431028366088867188e-01 1.649014949798583984e-01 2.109749078750610352e+00
4.412716627120971680e-01 1.634509116411209106e-01 2.107544660568237305e+00
4.411424398422241211e-01 1.627588123083114624e-01 2.107752084732055664e+00
4.427393078804016113e-01 1.645247340202331543e-01 2.109406232833862305e+00
4.430477023124694824e-01 1.648905724287033081e-01 2.109248399734497070e+00
4.419515728950500488e-01 1.642874926328659058e-01 2.108371019363403320e+00
4.420683383941650391e-01 1.640724986791610718e-01 2.108007431030273438e+00
4.414817094802856445e-01 1.633159816265106201e-01 2.108087301254272461e+00
4.420527815818786621e-01 1.637350171804428101e-01 2.108352899551391602e+00
4.428926110267639160e-01 1.648574024438858032e-01 2.109046697616577148e+00
4.410650730133056641e-01 1.640446335077285767e-01 2.107131958007812500e+00
4.416701793670654297e-01 1.660740524530410767e-01 2.106712579727172852e+00
4.437110424041748047e-01 1.658216267824172974e-01 2.110586404800415039e+00
4.413260221481323242e-01 1.663113981485366821e-01 2.106283664703369141e+00
4.396089315414428711e-01 1.679834425449371338e-01 2.103271722793579102e+00
4.350131750106811523e-01 1.692860275506973267e-01 2.095312595367431641e+00
4.301926493644714355e-01 1.726262420415878296e-01 2.083904027938842773e+00
4.219595789909362793e-01 1.726440638303756714e-01 2.070770502090454102e+00
4.126603603363037109e-01 1.649268418550491333e-01 2.060762643814086914e+00
4.112573862075805664e-01 1.637156307697296143e-01 2.058656930923461914e+00
4.028900861740112305e-01 1.546330302953720093e-01 2.050204515457153320e+00
3.933434486389160156e-01 1.494976729154586792e-01 2.037503242492675781e+00
3.854078650474548340e-01 1.549711376428604126e-01 2.021949291229248047e+00
3.834799528121948242e-01 1.623270362615585327e-01 2.015780448913574219e+00
3.806815743446350098e-01 1.680424511432647705e-01 2.007448673248291016e+00
3.787412047386169434e-01 1.715315580368041992e-01 2.001807212829589844e+00
3.788766860961914062e-01 1.810799539089202881e-01 1.997366666793823242e+00
3.791459798812866211e-01 1.888211220502853394e-01 1.993523359298706055e+00
3.795724511146545410e-01 1.894102692604064941e-01 1.993258595466613770e+00
3.736698627471923828e-01 1.750059127807617188e-01 1.992854118347167969e+00
3.772133588790893555e-01 1.773385405540466309e-01 1.996336102485656738e+00
3.776757717132568359e-01 1.751028448343276978e-01 1.998685240745544434e+00
3.782226443290710449e-01 1.823105663061141968e-01 1.995231151580810547e+00
3.723213672637939453e-01 1.669585704803466797e-01 1.995245695114135742e+00
3.683210611343383789e-01 1.484936028718948364e-01 1.999539256095886230e+00
3.653064966201782227e-01 1.404867619276046753e-01 1.997613310813903809e+00
3.555744886398315430e-01 1.277296841144561768e-01 1.990654945373535156e+00
3.474971055984497070e-01 1.253755092620849609e-01 1.979553461074829102e+00
3.339889049530029297e-01 1.122055202722549438e-01 1.967970132827758789e+00
3.201652169227600098e-01 1.029502674937248230e-01 1.952385187149047852e+00
3.021624088287353516e-01 8.091852068901062012e-02 1.938497185707092285e+00
2.850966453552246094e-01 6.220768392086029053e-02 1.924081683158874512e+00
2.713533639907836914e-01 4.649071022868156433e-02 1.915524482727050781e+00
2.634071707725524902e-01 3.546458482742309570e-02 1.912285685539245605e+00
2.572471499443054199e-01 2.649854309856891632e-02 1.908143997192382812e+00
2.539432048797607422e-01 2.367006801068782806e-02 1.907023310661315918e+00
2.521555423736572266e-01 1.998730935156345367e-02 1.906493067741394043e+00
2.532240152359008789e-01 2.104954235255718231e-02 1.907553076744079590e+00
2.534400820732116699e-01 2.193182334303855896e-02 1.906971931457519531e+00
2.494851797819137573e-01 1.691851951181888580e-02 1.904652953147888184e+00
2.557408213615417480e-01 2.584634721279144287e-02 1.907271146774291992e+00
2.516044378280639648e-01 1.877251267433166504e-02 1.905838966369628906e+00
2.512531280517578125e-01 2.093355543911457062e-02 1.904054045677185059e+00
2.513012290000915527e-01 2.177646383643150330e-02 1.904151082038879395e+00
2.286225706338882446e-01 3.360284492373466492e-03 1.872070550918579102e+00
1.931568235158920288e-01 5.723235011100769043e-02 1.778681039810180664e+00
1.635658293962478638e-01 1.006888076663017273e-01 1.695765256881713867e+00
1.320467144250869751e-01 1.520447582006454468e-01 1.598895549774169922e+00
1.070143878459930420e-01 2.186507582664489746e-01 1.512801885604858398e+00
8.428077399730682373e-02 2.658217251300811768e-01 1.446540474891662598e+00
4.274430125951766968e-02 3.103681504726409912e-01 1.341111660003662109e+00
-1.823781430721282959e-02 3.489031493663787842e-01 1.227531313896179199e+00
-6.482648849487304688e-02 3.919554054737091064e-01 1.107957839965820312e+00
-7.098878920078277588e-02 5.080583095550537109e-01 9.627140760421752930e-01
-2.660416364669799805e-01 5.410884022712707520e-01 7.153505682945251465e-01
-2.998304367065429688e-01 5.539948344230651855e-01 6.712787747383117676e-01
-2.962110042572021484e-01 5.520903468132019043e-01 6.750791072845458984e-01
-2.636485695838928223e-01 5.390253067016601562e-01 7.188788056373596191e-01
-3.006006479263305664e-01 5.702021121978759766e-01 6.611896157264709473e-01
-2.951618731021881104e-01 5.571004748344421387e-01 6.729887127876281738e-01
-3.047586679458618164e-01 5.817934274673461914e-01 6.510414481163024902e-01
-3.093058466911315918e-01 5.902475714683532715e-01 6.372065544128417969e-01
-3.005851209163665771e-01 5.656856298446655273e-01 6.637098789215087891e-01
-2.935811281204223633e-01 5.439873337745666504e-01 6.815798878669738770e-01
-3.013033270835876465e-01 5.717667937278747559e-01 6.595532894134521484e-01
-2.986653745174407959e-01 5.617838501930236816e-01 6.674128770828247070e-01
-3.004826307296752930e-01 5.726968646049499512e-01 6.596378684043884277e-01
-2.976366877555847168e-01 5.719425678253173828e-01 6.628997325897216797e-01
-2.973609566688537598e-01 5.485425591468811035e-01 6.754615306854248047e-01
-2.780152559280395508e-01 5.378299951553344727e-01 7.029182314872741699e-01
-2.277649044990539551e-01 5.458813309669494629e-01 7.525180578231811523e-01
-2.861967086791992188e-01 5.423685908317565918e-01 6.904689073562622070e-01
-2.753062248229980469e-01 5.367931127548217773e-01 7.069101333618164062e-01
-2.977158725261688232e-01 5.473979711532592773e-01 6.761295199394226074e-01
-2.636482417583465576e-01 5.398519635200500488e-01 7.181587219238281250e-01
-2.934879660606384277e-01 5.448590517044067383e-01 6.806163787841796875e-01
-2.976866066455841064e-01 5.591321587562561035e-01 6.696899533271789551e-01
-2.959768176078796387e-01 5.582440495491027832e-01 6.715308427810668945e-01
-2.960246205329895020e-01 5.526630878448486328e-01 6.749409437179565430e-01
-2.581196129322052002e-01 5.341063737869262695e-01 7.272662520408630371e-01
-2.978008985519409180e-01 5.586928129196166992e-01 6.700292825698852539e-01
-2.948265075683593750e-01 5.602350234985351562e-01 6.717253923416137695e-01
-3.016386926174163818e-01 5.698712468147277832e-01 6.605231761932373047e-01
-3.070838749408721924e-01 5.888327360153198242e-01 6.425635814666748047e-01
-2.925769388675689697e-01 5.485382080078125000e-01 6.800612807273864746e-01
-3.045014441013336182e-01 5.731580853462219238e-01 6.561872363090515137e-01
-2.996838688850402832e-01 5.779984593391418457e-01 6.579911112785339355e-01
-2.945169210433959961e-01 5.616284012794494629e-01 6.711241006851196289e-01
-2.957842350006103516e-01 5.389544963836669922e-01 6.825584173202514648e-01
4.411218762397766113e-01 1.632889211177825928e-01 2.107295274734497070e+00
4.423591494560241699e-01 1.637686491012573242e-01 2.108978033065795898e+00
4.411081075668334961e-01 1.630092561244964600e-01 2.107795238494873047e+00
4.406989812850952148e-01 1.625280529260635376e-01 2.107797861099243164e+00
4.418027997016906738e-01 1.646814495325088501e-01 2.107459306716918945e+00
4.422680735588073730e-01 1.668014824390411377e-01 2.106633901596069336e+00
4.433245062828063965e-01 1.649375110864639282e-01 2.109736919403076172e+00
4.437944293022155762e-01 1.655469387769699097e-01 2.110105514526367188e+00
4.436237812042236328e-01 1.652458161115646362e-01 2.109916687011718750e+00
4.425871372222900391e-01 1.643459945917129517e-01 2.109316587448120117e+00
4.422860145568847656e-01 1.676202714443206787e-01 2.106126308441162109e+00
4.437661170959472656e-01 1.659812182188034058e-01 2.110060691833496094e+00
4.415653944015502930e-01 1.651575714349746704e-01 2.107703208923339844e+00
4.401956796646118164e-01 1.666985750198364258e-01 2.104424715042114258e+00
4.416387081146240234e-01 1.717696636915206909e-01 2.103463411331176758e+00
4.367648363113403320e-01 1.702805012464523315e-01 2.097153902053833008e+00
4.317468404769897461e-01 1.726315468549728394e-01 2.086540699005126953e+00
4.223749637603759766e-01 1.736120432615280151e-01 2.070696592330932617e+00
4.134789705276489258e-01 1.658852696418762207e-01 2.061419248580932617e+00
4.135446548461914062e-01 1.658107787370681763e-01 2.061083078384399414e+00
4.004664421081542969e-01 1.536704003810882568e-01 2.046759366989135742e+00
3.928660154342651367e-01 1.530265063047409058e-01 2.034045696258544922e+00
3.852866291999816895e-01 1.505160033702850342e-01 2.023947238922119141e+00
3.803027272224426270e-01 1.648944914340972900e-01 2.009398937225341797e+00
3.773361444473266602e-01 1.634616702795028687e-01 2.006139278411865234e+00
3.762712478637695312e-01 1.757950782775878906e-01 1.996875643730163574e+00
3.777620792388916016e-01 1.783105880022048950e-01 1.996709227561950684e+00
3.768323063850402832e-01 1.749218702316284180e-01 1.997612714767456055e+00
3.770732879638671875e-01 1.766089349985122681e-01 1.997225761413574219e+00
3.764004111289978027e-01 1.791195273399353027e-01 1.994777560234069824e+00
3.743206262588500977e-01 1.697173416614532471e-01 1.997897624969482422e+00
3.798910975456237793e-01 1.858214288949966431e-01 1.996650338172912598e+00
3.791984915733337402e-01 1.928261071443557739e-01 1.990619182586669922e+00
3.818118572235107422e-01 1.983449608087539673e-01 1.992537856101989746e+00
3.886355161666870117e-01 2.210841476917266846e-01 1.989706993103027344e+00
3.948479294776916504e-01 2.500781416893005371e-01 1.983315825462341309e+00
4.076496362686157227e-01 3.001953661441802979e-01 1.976208686828613281e+00
4.279304742813110352e-01 3.767009675502777100e-01 1.965827345848083496e+00
4.430912733078002930e-01 4.459971487522125244e-01 1.946242928504943848e+00
4.511640071868896484e-01 5.074945688247680664e-01 1.916758298873901367e+00
4.681783914566040039e-01 5.469999909400939941e-01 1.902001142501831055e+00
4.915400147438049316e-01 5.929117798805236816e-01 1.896692037582397461e+00
5.148891806602478027e-01 6.639828085899353027e-01 1.881748437881469727e+00
5.316575169563293457e-01 6.940672397613525391e-01 1.888297677040100098e+00
5.422747731208801270e-01 7.408068776130676270e-01 1.867120742797851562e+00
5.423648357391357422e-01 7.358285188674926758e-01 1.871844291687011719e+00
5.503927469253540039e-01 7.648814320564270020e-01 1.865047335624694824e+00
5.419198274612426758e-01 7.362910509109497070e-01 1.870652198791503906e+00
5.434992313385009766e-01 7.398501038551330566e-01 1.869727492332458496e+00
5.440484881401062012e-01 7.475543618202209473e-01 1.863967895507812500e+00
5.425008535385131836e-01 7.404187321662902832e-01 1.867808699607849121e+00
5.446162223815917969e-01 7.388402819633483887e-01 1.873097419738769531e+00
5.440047383308410645e-01 7.452294230461120605e-01 1.866380572319030762e+00
5.469547510147094727e-01 7.610691189765930176e-01 1.862732529640197754e+00
5.556152462959289551e-01 8.265640139579772949e-01 1.856849312782287598e+00
5.671187043190002441e-01 8.825856447219848633e-01 1.852202773094177246e+00
5.772733092308044434e-01 9.315618872642517090e-01 1.834444880485534668e+00
5.968222022056579590e-01 9.948986172676086426e-01 1.813949346542358398e+00
6.120052933692932129e-01 1.093584537506103516e+00 1.785237312316894531e+00
6.468302011489868164e-01 1.265304803848266602e+00 1.758222222328186035e+00
6.884916424751281738e-01 1.420693159103393555e+00 1.741845250129699707e+00
7.051456570625305176e-01 1.593814611434936523e+00 1.671314477920532227e+00
7.166245579719543457e-01 1.793138384819030762e+00 1.602231383323669434e+00
7.307951450347900391e-01 2.019032716751098633e+00 1.474377393722534180e+00
7.422332763671875000e-01 2.041282176971435547e+00 1.469752669334411621e+00
8.231000900268554688e-01 2.228918075561523438e+00 1.339103102684020996e+00
8.270903229713439941e-01 2.296496629714965820e+00 1.294297695159912109e+00
8.309807777404785156e-01 2.289440155029296875e+00 1.301757335662841797e+00
8.207133412361145020e-01 2.243353128433227539e+00 1.317079186439514160e+00
8.145020008087158203e-01 2.222382783889770508e+00 1.325251698493957520e+00
8.292787671089172363e-01 2.277143001556396484e+00 1.309417247772216797e+00
