-2.355260610580444336e+00 -3.708830475807189941e-01 -3.157180547714233398e-02
-2.513870000839233398e+00 -7.127752304077148438e-01 3.304639458656311035e-02
-2.658616065979003906e+00 -1.031859397888183594e+00 8.362171053886413574e-02
-2.757313013076782227e+00 -1.325065612792968750e+00 1.140332520008087158e-01
-2.812212705612182617e+00 -1.537375211715698242e+00 1.351626515388488770e-01
-2.831085205078125000e+00 -1.521005630493164062e+00 1.332354545593261719e-01
-2.879940271377563477e+00 -1.592716932296752930e+00 1.388731002807617188e-01
-2.893529176712036133e+00 -1.678116798400878906e+00 1.388146877288818359e-01
-2.885880470275878906e+00 -1.629833936691284180e+00 1.281190812587738037e-01
-2.906942129135131836e+00 -1.640617847442626953e+00 1.291386485099792480e-01
-2.907860279083251953e+00 -1.684624195098876953e+00 1.385272741317749023e-01
-2.901430606842041016e+00 -1.645015954971313477e+00 1.369255185127258301e-01
-2.902343750000000000e+00 -1.686067104339599609e+00 1.385133862495422363e-01
-2.936602115631103516e+00 -1.814517021179199219e+00 1.597258150577545166e-01
-2.948225498199462891e+00 -1.910035133361816406e+00 1.753813326358795166e-01
-2.974819898605346680e+00 -2.119681835174560547e+00 1.979927420616149902e-01
-3.070177078247070312e+00 -2.224043130874633789e+00 2.392894029617309570e-01
-3.177489280700683594e+00 -2.313473701477050781e+00 2.867267727851867676e-01
-3.279456615447998047e+00 -2.397125720977783203e+00 3.284769058227539062e-01
-3.349229812622070312e+00 -2.452238082885742188e+00 3.517019152641296387e-01
-3.384135484695434570e+00 -2.478516340255737305e+00 3.600747585296630859e-01
-3.407296895980834961e+00 -2.494680643081665039e+00 3.624364137649536133e-01
-3.413392543792724609e+00 -2.496662855148315430e+00 3.573535084724426270e-01
-3.421501159667968750e+00 -2.501410007476806641e+00 3.558911085128784180e-01
-3.461020231246948242e+00 -2.528531789779663086e+00 3.587685823440551758e-01
-3.449002981185913086e+00 -2.520912170410156250e+00 3.594694733619689941e-01
-3.419269561767578125e+00 -2.499477148056030273e+00 3.547208309173583984e-01
-3.416036367416381836e+00 -2.496111154556274414e+00 3.516062498092651367e-01
-3.441157341003417969e+00 -2.514316082000732422e+00 3.558567166328430176e-01
-3.400428295135498047e+00 -2.485508203506469727e+00 3.507425785064697266e-01
-3.422876358032226562e+00 -2.501559972763061523e+00 3.539977669715881348e-01
-3.411221265792846680e+00 -2.493429422378540039e+00 3.528189063072204590e-01
-3.418439149856567383e+00 -2.497652530670166016e+00 3.515107035636901855e-01
-3.427456855773925781e+00 -2.505253076553344727e+00 3.557109832763671875e-01
-3.407256126403808594e+00 -2.490518569946289062e+00 3.520547151565551758e-01
-3.457675457000732422e+00 -2.526266098022460938e+00 3.586000204086303711e-01
-3.417580604553222656e+00 -2.497915744781494141e+00 3.535877466201782227e-01
-3.371288061141967773e+00 -2.463848590850830078e+00 3.444514274597167969e-01
-3.442224502563476562e+00 -2.515480995178222656e+00 3.570200800895690918e-01
-3.401438951492309570e+00 -2.485900878906250000e+00 3.500603437423706055e-01
-3.420709609985351562e+00 -2.500705242156982422e+00 3.554279804229736328e-01
-3.409317255020141602e+00 -2.491783380508422852e+00 3.518280982971191406e-01
-2.260598659515380859e+00 6.933665275573730469e-01 -2.116769552230834961e-02
-2.257391452789306641e+00 6.910523772239685059e-01 -2.184763550758361816e-02
-2.262125730514526367e+00 6.910192370414733887e-01 -2.110102772712707520e-02
-2.256938695907592773e+00 6.898524761199951172e-01 -2.168816328048706055e-02
-2.259186029434204102e+00 6.909669041633605957e-01 -2.134597301483154297e-02
-2.260670661926269531e+00 6.921559572219848633e-01 -2.066868543624877930e-02
-2.258863925933837891e+00 6.938992738723754883e-01 -2.119255065917968750e-02
-2.255772590637207031e+00 6.938621401786804199e-01 -2.147883176803588867e-02
-2.264335155487060547e+00 6.906143426895141602e-01 -2.073985338211059570e-02
-2.259055376052856445e+00 6.945080757141113281e-01 -2.132803201675415039e-02
-2.261132955551147461e+00 6.935591101646423340e-01 -2.122887969017028809e-02
-2.260779857635498047e+00 6.902601122856140137e-01 -2.131062746047973633e-02
-2.261534690856933594e+00 6.919257044792175293e-01 -2.095842361450195312e-02
-2.259632110595703125e+00 6.869594454765319824e-01 -2.163338661193847656e-02
-2.261278390884399414e+00 6.802111864089965820e-01 -2.183151245117187500e-02
-2.256725072860717773e+00 6.744204759597778320e-01 -2.387058734893798828e-02
-2.253335237503051758e+00 6.658188700675964355e-01 -2.673697471618652344e-02
-2.244283676147460938e+00 6.577136516571044922e-01 -3.187114000320434570e-02
-2.222652196884155273e+00 6.387580037117004395e-01 -3.829255700111389160e-02
-2.197954416275024414e+00 6.156022548675537109e-01 -4.667985439300537109e-02
-2.180814266204833984e+00 5.763673782348632812e-01 -5.854788422584533691e-02
-2.171252012252807617e+00 5.497216582298278809e-01 -6.368798017501831055e-02
-2.165431261062622070e+00 5.357640385627746582e-01 -6.871642172336578369e-02
-2.164656639099121094e+00 5.179228186607360840e-01 -7.256007194519042969e-02
-2.161886930465698242e+00 5.204534530639648438e-01 -7.380814850330352783e-02
-2.164087057113647461e+00 5.100495219230651855e-01 -7.476119697093963623e-02
-2.161884784698486328e+00 4.995639324188232422e-01 -7.733081281185150146e-02
-2.163054466247558594e+00 5.052099227905273438e-01 -7.546038925647735596e-02
-2.159413814544677734e+00 5.042882561683654785e-01 -7.826133072376251221e-02
-2.161326885223388672e+00 5.080501437187194824e-01 -7.631343603134155273e-02
-2.161288261413574219e+00 5.058630704879760742e-01 -7.684104144573211670e-02
-2.164337635040283203e+00 4.983166456222534180e-01 -7.604531943798065186e-02
-2.164202213287353516e+00 4.932699799537658691e-01 -7.616528868675231934e-02
-2.167252779006958008e+00 4.892686605453491211e-01 -7.517753541469573975e-02
-2.165404558181762695e+00 4.927062392234802246e-01 -7.502867281436920166e-02
-2.176977396011352539e+00 4.963090419769287109e-01 -7.090678811073303223e-02
-2.184249639511108398e+00 4.684141874313354492e-01 -7.394698262214660645e-02
-2.174232482910156250e+00 4.176468253135681152e-01 -9.328775107860565186e-02
-2.158336400985717773e+00 4.222176074981689453e-01 -1.054792851209640503e-01
-2.118863344192504883e+00 3.993657231330871582e-01 -1.205619275569915771e-01
-2.065216302871704102e+00 3.551682829856872559e-01 -1.425220221281051636e-01
-2.017304420471191406e+00 3.189421594142913818e-01 -1.677809804677963257e-01
-2.003701448440551758e+00 3.090621829032897949e-01 -1.760458201169967651e-01
-1.977334260940551758e+00 2.888867259025573730e-01 -1.911433637142181396e-01
-1.954214215278625488e+00 2.801524698734283447e-01 -2.053523510694503784e-01
-1.960361003875732422e+00 2.838513851165771484e-01 -2.015457004308700562e-01
-1.947557926177978516e+00 2.787243127822875977e-01 -2.081499248743057251e-01
-1.948583364486694336e+00 2.764273285865783691e-01 -2.077130228281021118e-01
-1.949522018432617188e+00 2.781547009944915771e-01 -2.075304090976715088e-01
-1.945803999900817871e+00 2.729241847991943359e-01 -2.092007249593734741e-01
-1.947445750236511230e+00 2.772049605846405029e-01 -2.092395573854446411e-01
-1.947959661483764648e+00 2.737596035003662109e-01 -2.077334225177764893e-01
-1.951392054557800293e+00 2.782021760940551758e-01 -2.063507586717605591e-01
-1.944453477859497070e+00 2.774630188941955566e-01 -2.106709629297256470e-01
-1.957684993743896484e+00 2.904462814331054688e-01 -2.055063992738723755e-01
-1.950623512268066406e+00 2.797068059444427490e-01 -2.163804173469543457e-01
-1.966161966323852539e+00 2.961188554763793945e-01 -2.127958089113235474e-01
-1.960331678390502930e+00 2.611882686614990234e-01 -2.304275631904602051e-01
-1.987230777740478516e+00 2.633616626262664795e-01 -2.249027937650680542e-01
-1.948872327804565430e+00 1.606057286262512207e-01 -2.552916705608367920e-01
-1.898745179176330566e+00 5.351436138153076172e-02 -2.838516831398010254e-01
-1.788873434066772461e+00 -1.613192260265350342e-02 -3.298763632774353027e-01
-1.681333541870117188e+00 -1.489936560392379761e-01 -3.845639824867248535e-01
-1.609892129898071289e+00 -1.671647131443023682e-01 -4.190091490745544434e-01
-1.576312899589538574e+00 -1.700256615877151489e-01 -4.421221017837524414e-01
-1.477516889572143555e+00 -2.024995535612106323e-01 -4.913759231567382812e-01
-1.346032857894897461e+00 -2.492175996303558350e-01 -5.539668202400207520e-01
-1.198948502540588379e+00 -3.180681765079498291e-01 -6.314532756805419922e-01
-1.080246329307556152e+00 -3.615892827510833740e-01 -6.841145157814025879e-01
-9.607588052749633789e-01 -4.011366665363311768e-01 -7.365205883979797363e-01
-9.187380075454711914e-01 -4.122020304203033447e-01 -7.592087984085083008e-01
-8.908246755599975586e-01 -3.906465768814086914e-01 -7.672631740570068359e-01
-8.837074041366577148e-01 -3.831745684146881104e-01 -7.742775678634643555e-01
-8.928962945938110352e-01 -3.918081820011138916e-01 -7.677654623985290527e-01
-9.041584730148315430e-01 -4.006893932819366455e-01 -7.640532255172729492e-01
-8.801690340042114258e-01 -3.822564482688903809e-01 -7.707436084747314453e-01
-8.904772996902465820e-01 -3.869575560092926025e-01 -7.759515643119812012e-01
-8.837120532989501953e-01 -3.825836181640625000e-01 -7.757687568664550781e-01
-8.835792541503906250e-01 -3.825356364250183105e-01 -7.756700515747070312e-01
-8.819832801818847656e-01 -3.819589018821716309e-01 -7.744845151901245117e-01
-8.850580453872680664e-01 -3.858313560485839844e-01 -7.698361873626708984e-01
-8.957436084747314453e-01 -3.921080231666564941e-01 -7.717113494873046875e-01
-8.829389810562133789e-01 -3.823042511940002441e-01 -7.751944065093994141e-01
-8.831093311309814453e-01 -3.840572834014892578e-01 -7.710744738578796387e-01
-8.774602413177490234e-01 -3.803242743015289307e-01 -7.711244821548461914e-01
-8.862656354904174805e-01 -3.843340873718261719e-01 -7.755880355834960938e-01
-8.824466466903686523e-01 -3.821263313293457031e-01 -7.748287320137023926e-01
-8.818914890289306641e-01 -3.851244449615478516e-01 -7.663856148719787598e-01
-8.911149501800537109e-01 -3.883171379566192627e-01 -7.735905647277832031e-01
-8.779987096786499023e-01 -3.805188536643981934e-01 -7.715244293212890625e-01
-8.958109617233276367e-01 -3.929159343242645264e-01 -7.697942256927490234e-01
-8.933262825012207031e-01 -3.953355848789215088e-01 -7.596191763877868652e-01
-8.983045816421508789e-01 -3.957204818725585938e-01 -7.668681740760803223e-01
-8.939411640167236328e-01 -3.922914862632751465e-01 -7.682765722274780273e-01
-8.919281959533691406e-01 -3.915714919567108154e-01 -7.667622566223144531e-01
-8.797045946121215820e-01 -3.811353445053100586e-01 -7.727917432785034180e-01
-8.853170871734619141e-01 -3.846876621246337891e-01 -7.731350660324096680e-01
-8.938828706741333008e-01 -3.919942378997802734e-01 -7.689263820648193359e-01
-8.838784694671630859e-01 -3.826437890529632568e-01 -7.758923768997192383e-01
-2.262738227844238281e+00 6.924310326576232910e-01 -2.081596851348876953e-02
-2.262387275695800781e+00 6.904527544975280762e-01 -2.083426713943481445e-02
-2.259429454803466797e+00 6.927065253257751465e-01 -2.154743671417236328e-02
-2.263215303421020508e+00 6.930035948753356934e-01 -2.035754919052124023e-02
-2.260572433471679688e+00 6.903858184814453125e-01 -2.110773324966430664e-02
-2.260359525680541992e+00 6.939733028411865234e-01 -2.093559503555297852e-02
-2.265139579772949219e+00 6.914529204368591309e-01 -2.004897594451904297e-02
-2.263033866882324219e+00 6.920710206031799316e-01 -2.037954330444335938e-02
-2.258850097656250000e+00 6.893312335014343262e-01 -2.138060331344604492e-02
-2.260402441024780273e+00 6.924693584442138672e-01 -2.073967456817626953e-02
-2.260254859924316406e+00 6.927035450935363770e-01 -2.076441049575805664e-02
-2.258885622024536133e+00 6.926380991935729980e-01 -2.101612091064453125e-02
-2.259675264358520508e+00 6.948650479316711426e-01 -2.057808637619018555e-02
-2.258427858352661133e+00 6.929221153259277344e-01 -2.086859941482543945e-02
-2.254257917404174805e+00 6.989566683769226074e-01 -2.109163999557495117e-02
-2.251669883728027344e+00 7.062176465988159180e-01 -2.178651094436645508e-02
-2.250126838684082031e+00 7.285368442535400391e-01 -2.342176437377929688e-02
-2.252548217773437500e+00 7.477867007255554199e-01 -2.383252978324890137e-02
-2.246158838272094727e+00 7.751276493072509766e-01 -2.733564376831054688e-02
-2.223340272903442383e+00 8.018836975097656250e-01 -3.516525030136108398e-02
-2.205169200897216797e+00 8.305590748786926270e-01 -4.260027408599853516e-02
-2.192076444625854492e+00 8.553938269615173340e-01 -4.728800058364868164e-02
-2.184931755065917969e+00 8.761489987373352051e-01 -5.046917498111724854e-02
-2.182651042938232422e+00 8.906561732292175293e-01 -5.206502974033355713e-02
-2.171737909317016602e+00 9.028113484382629395e-01 -5.559323728084564209e-02
-2.169840574264526367e+00 9.050975441932678223e-01 -5.645865201950073242e-02
-2.170089244842529297e+00 9.032855629920959473e-01 -5.603237450122833252e-02
-2.169507026672363281e+00 9.090917706489562988e-01 -5.660249292850494385e-02
-2.172096014022827148e+00 9.135255217552185059e-01 -5.649033188819885254e-02
-2.171998977661132812e+00 9.100893139839172363e-01 -5.633741617202758789e-02
-2.176609039306640625e+00 9.026421904563903809e-01 -5.432714521884918213e-02
-2.178148508071899414e+00 9.062940478324890137e-01 -5.385616421699523926e-02
-2.186781406402587891e+00 9.015669226646423340e-01 -5.124774575233459473e-02
-2.183287858963012695e+00 8.877283930778503418e-01 -5.106866359710693359e-02
-2.189565181732177734e+00 8.608345389366149902e-01 -5.177089571952819824e-02
-2.182232856750488281e+00 8.538894057273864746e-01 -5.677258968353271484e-02
-2.174352169036865234e+00 8.475621342658996582e-01 -6.388892233371734619e-02
-2.137074470520019531e+00 8.877233862876892090e-01 -8.043420314788818359e-02
-2.087005138397216797e+00 9.337365031242370605e-01 -1.014625579118728638e-01
-2.074657440185546875e+00 9.773386120796203613e-01 -1.028894633054733276e-01
-2.027613639831542969e+00 1.055742740631103516e+00 -1.063463687896728516e-01
-1.995343565940856934e+00 1.110565423965454102e+00 -1.137938052415847778e-01
-1.960633516311645508e+00 1.155176162719726562e+00 -1.203498542308807373e-01
-1.924760341644287109e+00 1.223355293273925781e+00 -1.317324787378311157e-01
-1.920415878295898438e+00 1.225302696228027344e+00 -1.354618966579437256e-01
-1.911145210266113281e+00 1.243932962417602539e+00 -1.372216641902923584e-01
-1.904812335968017578e+00 1.253472089767456055e+00 -1.398492604494094849e-01
-1.910277724266052246e+00 1.238154411315917969e+00 -1.390124261379241943e-01
-1.889660358428955078e+00 1.279160499572753906e+00 -1.457876414060592651e-01
-1.893989324569702148e+00 1.275949001312255859e+00 -1.451252549886703491e-01
-1.895270109176635742e+00 1.268294334411621094e+00 -1.445799916982650757e-01
-1.911341786384582520e+00 1.237169265747070312e+00 -1.377966254949569702e-01
-1.909684300422668457e+00 1.241388082504272461e+00 -1.387772411108016968e-01
-1.894436240196228027e+00 1.259489059448242188e+00 -1.447965204715728760e-01
-1.885164856910705566e+00 1.262700796127319336e+00 -1.493143886327743530e-01
-1.840030193328857422e+00 1.295056581497192383e+00 -1.704062223434448242e-01
-1.784842729568481445e+00 1.349770784378051758e+00 -1.955132186412811279e-01
-1.665455937385559082e+00 1.471397399902343750e+00 -2.501494288444519043e-01
-1.597118258476257324e+00 1.507234811782836914e+00 -2.831622064113616943e-01
-1.439874529838562012e+00 1.604411363601684570e+00 -3.533484935760498047e-01
-1.277672886848449707e+00 1.713831663131713867e+00 -4.209824204444885254e-01
-1.189236879348754883e+00 1.780049562454223633e+00 -4.535141587257385254e-01
-9.731959104537963867e-01 1.983866691589355469e+00 -5.289660692214965820e-01
-9.265751838684082031e-01 2.037664413452148438e+00 -5.475053787231445312e-01
-8.762249946594238281e-01 2.097259044647216797e+00 -5.668461322784423828e-01
-8.594418764114379883e-01 2.104362487792968750e+00 -5.743123292922973633e-01
-8.305221796035766602e-01 2.127796411514282227e+00 -5.847393274307250977e-01
-8.559910058975219727e-01 2.113423824310302734e+00 -5.731229782104492188e-01
-8.448032140731811523e-01 2.115860700607299805e+00 -5.771160125732421875e-01
-8.463983535766601562e-01 2.110001087188720703e+00 -5.764043331146240234e-01
-8.531196117401123047e-01 2.105116605758666992e+00 -5.768250226974487305e-01
-8.501453399658203125e-01 2.108812808990478516e+00 -5.782613754272460938e-01
-8.462338447570800781e-01 2.117698669433593750e+00 -5.764498710632324219e-01
-8.468427658081054688e-01 2.113428354263305664e+00 -5.807493925094604492e-01
-8.389693498611450195e-01 2.123269319534301758e+00 -5.815719962120056152e-01
-8.399227857589721680e-01 2.119971513748168945e+00 -5.799770355224609375e-01
-8.417277336120605469e-01 2.123001337051391602e+00 -5.784441828727722168e-01
-8.789168596267700195e-01 2.098731279373168945e+00 -5.615624189376831055e-01
-8.359127044677734375e-01 2.120119333267211914e+00 -5.825237035751342773e-01
-8.351957798004150391e-01 2.124285459518432617e+00 -5.806820392608642578e-01
-8.514647483825683594e-01 2.111574172973632812e+00 -5.755242109298706055e-01
-8.523236513137817383e-01 2.109379053115844727e+00 -5.786897540092468262e-01
-8.562341928482055664e-01 2.111789226531982422e+00 -5.713353157043457031e-01
-8.317992687225341797e-01 2.121813058853149414e+00 -5.826563835144042969e-01
-8.458116054534912109e-01 2.119221925735473633e+00 -5.756167173385620117e-01
-8.515442609786987305e-01 2.117018938064575195e+00 -5.758342742919921875e-01
-8.471552133560180664e-01 2.118408679962158203e+00 -5.754290819168090820e-01
-8.520371913909912109e-01 2.118007659912109375e+00 -5.746465921401977539e-01
-8.379508256912231445e-01 2.120970964431762695e+00 -5.809766054153442383e-01
-8.455259799957275391e-01 2.115934133529663086e+00 -5.769017934799194336e-01
-8.485300540924072266e-01 2.115271806716918945e+00 -5.747519731521606445e-01
-8.436281681060791016e-01 2.118425846099853516e+00 -5.776728391647338867e-01
-8.534903526306152344e-01 2.117124080657958984e+00 -5.739581584930419922e-01
-8.529009819030761719e-01 2.111829280853271484e+00 -5.757803916931152344e-01
-8.561027050018310547e-01 2.111925125122070312e+00 -5.743851065635681152e-01
-8.505105972290039062e-01 2.111491680145263672e+00 -5.729068517684936523e-01
-8.505742549896240234e-01 2.119315624237060547e+00 -5.754157900810241699e-01
-8.527053594589233398e-01 2.119079351425170898e+00 -5.772123336791992188e-01
-8.506727218627929688e-01 2.113432168960571289e+00 -5.745738744735717773e-01
-2.256916046142578125e+00 7.018886208534240723e-01 -2.405524253845214844e-02
-2.261582851409912109e+00 7.033367753028869629e-01 -2.321529388427734375e-02
-2.247710704803466797e+00 7.313558459281921387e-01 -3.176760673522949219e-02
-2.229167222976684570e+00 7.448886632919311523e-01 -4.091602563858032227e-02
-2.211396455764770508e+00 7.578203082084655762e-01 -4.733511805534362793e-02
-2.169679403305053711e+00 7.756938338279724121e-01 -6.039524078369140625e-02
-2.138730764389038086e+00 7.972988486289978027e-01 -7.325604557991027832e-02
-2.085416793823242188e+00 8.275763988494873047e-01 -8.916090428829193115e-02
-2.021372556686401367e+00 8.656606078147888184e-01 -1.125244796276092529e-01
-1.991797447204589844e+00 8.899349570274353027e-01 -1.224272996187210083e-01
-1.972943305969238281e+00 9.000280499458312988e-01 -1.299267113208770752e-01
-1.959686517715454102e+00 9.095800518989562988e-01 -1.354378312826156616e-01
-1.944480419158935547e+00 9.198191761970520020e-01 -1.416333764791488647e-01
-1.921314358711242676e+00 9.324677586555480957e-01 -1.511115133762359619e-01
-1.929833292961120605e+00 9.259417653083801270e-01 -1.485695391893386841e-01
-1.932696938514709473e+00 9.194117188453674316e-01 -1.475051343441009521e-01
-1.905793905258178711e+00 9.394266009330749512e-01 -1.594672054052352905e-01
-1.914107203483581543e+00 9.285075068473815918e-01 -1.575401276350021362e-01
-1.878854155540466309e+00 9.530139565467834473e-01 -1.738936752080917358e-01
-1.869958639144897461e+00 9.576786160469055176e-01 -1.805649101734161377e-01
-1.865047812461853027e+00 9.636970162391662598e-01 -1.848091781139373779e-01
-1.833765745162963867e+00 9.814574122428894043e-01 -2.026092708110809326e-01
-1.854600667953491211e+00 9.320481419563293457e-01 -2.021589130163192749e-01
-1.845468997955322266e+00 9.434239268302917480e-01 -2.083231210708618164e-01
-1.843950510025024414e+00 9.122003912925720215e-01 -2.141210585832595825e-01
-1.838698863983154297e+00 9.231513142585754395e-01 -2.206508070230484009e-01
-1.849893093109130859e+00 9.115687012672424316e-01 -2.132535725831985474e-01
-1.836034774780273438e+00 9.262303709983825684e-01 -2.178640216588973999e-01
-1.862249374389648438e+00 8.950713276863098145e-01 -2.118338793516159058e-01
-1.845413208007812500e+00 9.080573916435241699e-01 -2.184485644102096558e-01
-1.850425720214843750e+00 9.094235301017761230e-01 -2.142121046781539917e-01
-1.847071051597595215e+00 9.113774895668029785e-01 -2.170920372009277344e-01
-1.847281217575073242e+00 9.048560261726379395e-01 -2.161423712968826294e-01
-1.851144194602966309e+00 8.949761986732482910e-01 -2.162534743547439575e-01
-1.869608163833618164e+00 8.690901398658752441e-01 -2.121405899524688721e-01
-1.874447226524353027e+00 8.123065829277038574e-01 -2.167008966207504272e-01
-1.886743426322937012e+00 7.331091165542602539e-01 -2.151945531368255615e-01
-1.854250192642211914e+00 5.840545296669006348e-01 -2.395744919776916504e-01
-1.832328557968139648e+00 4.695851206779479980e-01 -2.577940225601196289e-01
-1.768794894218444824e+00 3.099982738494873047e-01 -2.982227802276611328e-01
-1.717813849449157715e+00 1.741296052932739258e-01 -3.292056024074554443e-01
-1.643804788589477539e+00 2.952131628990173340e-02 -3.719452619552612305e-01
-1.615616321563720703e+00 -8.639340102672576904e-02 -3.982362151145935059e-01
-1.604748010635375977e+00 -1.239992082118988037e-01 -4.086488485336303711e-01
-1.554577589035034180e+00 -1.725504547357559204e-01 -4.429512619972229004e-01
-1.533796787261962891e+00 -1.775822341442108154e-01 -4.565181136131286621e-01
-1.536765098571777344e+00 -1.757220029830932617e-01 -4.531478583812713623e-01
-1.554510116577148438e+00 -1.739313155412673950e-01 -4.471899867057800293e-01
-1.569687843322753906e+00 -1.695694178342819214e-01 -4.350078701972961426e-01
-1.536886811256408691e+00 -1.773721426725387573e-01 -4.532534182071685791e-01
-1.559753894805908203e+00 -1.702157258987426758e-01 -4.411410689353942871e-01
-1.557713508605957031e+00 -1.722049713134765625e-01 -4.424287676811218262e-01
-1.558235406875610352e+00 -1.723728030920028687e-01 -4.437801837921142578e-01
-1.529419064521789551e+00 -1.801052987575531006e-01 -4.615899622440338135e-01
-1.524381399154663086e+00 -1.810323894023895264e-01 -4.643941223621368408e-01
-1.537314534187316895e+00 -1.754450500011444092e-01 -4.516252577304840088e-01
-1.516275644302368164e+00 -1.803826689720153809e-01 -4.651601314544677734e-01
-1.540174365043640137e+00 -1.769565790891647339e-01 -4.529779553413391113e-01
-1.552175998687744141e+00 -1.721072494983673096e-01 -4.413504600524902344e-01
-1.547596812248229980e+00 -1.744054108858108521e-01 -4.482498168945312500e-01
-1.535463333129882812e+00 -1.777079254388809204e-01 -4.559761881828308105e-01
-1.552695274353027344e+00 -1.739319562911987305e-01 -4.445111453533172607e-01
-1.573423147201538086e+00 -1.691947430372238159e-01 -4.332368969917297363e-01
-1.539198994636535645e+00 -1.762522310018539429e-01 -4.534949064254760742e-01
-1.576539754867553711e+00 -1.666330546140670776e-01 -4.309740960597991943e-01
-1.556784629821777344e+00 -1.734945923089981079e-01 -4.455872178077697754e-01
-1.554633975028991699e+00 -1.761918812990188599e-01 -4.492489099502563477e-01
-1.549387931823730469e+00 -1.749683916568756104e-01 -4.482606053352355957e-01
-1.572730779647827148e+00 -1.681200116872787476e-01 -4.321871399879455566e-01
-1.552067399024963379e+00 -1.728047132492065430e-01 -4.458068013191223145e-01
-1.550382494926452637e+00 -1.742089390754699707e-01 -4.461598992347717285e-01
-1.545886635780334473e+00 -1.742341071367263794e-01 -4.509572684764862061e-01
-1.551289200782775879e+00 -1.745838075876235962e-01 -4.454597532749176025e-01
-1.554612636566162109e+00 -1.726288646459579468e-01 -4.420467615127563477e-01
-1.542144775390625000e+00 -1.765090227127075195e-01 -4.512264430522918701e-01
-1.526461243629455566e+00 -1.775663346052169800e-01 -4.604783058166503906e-01
-1.575586080551147461e+00 -1.594294607639312744e-01 -4.285354018211364746e-01
-1.543439030647277832e+00 -1.700567603111267090e-01 -4.492726922035217285e-01
-1.558278918266296387e+00 -1.590725332498550415e-01 -4.386367201805114746e-01
-1.582757353782653809e+00 -1.090009063482284546e-01 -4.258451461791992188e-01
-1.474634647369384766e+00 -1.379561722278594971e-01 -4.722477197647094727e-01
-1.401726603507995605e+00 -1.346562057733535767e-01 -5.006512999534606934e-01
-1.312371492385864258e+00 -1.547734886407852173e-01 -5.350648164749145508e-01
-1.092285752296447754e+00 -1.709580570459365845e-01 -6.179575920104980469e-01
-9.439662694931030273e-01 -2.443107068538665771e-01 -6.982902884483337402e-01
-8.997290134429931641e-01 -3.127182722091674805e-01 -7.265248894691467285e-01
-8.669559955596923828e-01 -3.743240237236022949e-01 -7.573570013046264648e-01
-8.741159439086914062e-01 -3.791156411170959473e-01 -7.686400413513183594e-01
-8.744260072708129883e-01 -3.792276978492736816e-01 -7.688703536987304688e-01
-8.783609867095947266e-01 -3.806498050689697266e-01 -7.717936038970947266e-01
-8.764187097549438477e-01 -3.799478411674499512e-01 -7.703506946563720703e-01
-8.782739639282226562e-01 -3.806183338165283203e-01 -7.717289328575134277e-01
-8.769584894180297852e-01 -3.801429271697998047e-01 -7.707517147064208984e-01
-8.751950263977050781e-01 -3.795056343078613281e-01 -7.694417238235473633e-01
-8.779224157333374023e-01 -3.804912865161895752e-01 -7.714678049087524414e-01
-8.747302293777465820e-01 -3.793376386165618896e-01 -7.690963745117187500e-01
-8.761529922485351562e-01 -3.798518180847167969e-01 -7.701532840728759766e-01
-8.762072324752807617e-01 -3.798714280128479004e-01 -7.701936364173889160e-01
-8.758703470230102539e-01 -3.797496557235717773e-01 -7.699433565139770508e-01
-2.261510848999023438e+00 6.927557587623596191e-01 -2.130711078643798828e-02
-2.260414600372314453e+00 6.906961202621459961e-01 -2.087879180908203125e-02
-2.259618282318115234e+00 6.899130940437316895e-01 -2.161943912506103516e-02
-2.258456945419311523e+00 6.937729716300964355e-01 -2.118813991546630859e-02
-2.263687133789062500e+00 6.881783008575439453e-01 -2.034789323806762695e-02
-2.260222196578979492e+00 6.915044784545898438e-01 -2.059611678123474121e-02
-2.262979745864868164e+00 6.931652426719665527e-01 -2.067822217941284180e-02
-2.260752201080322266e+00 6.916577219963073730e-01 -2.113610506057739258e-02
-2.260800838470458984e+00 6.920087933540344238e-01 -2.097415924072265625e-02
-2.260611057281494141e+00 6.912261247634887695e-01 -2.137333154678344727e-02
-2.260870456695556641e+00 6.899129748344421387e-01 -2.118194103240966797e-02
-2.260230064392089844e+00 6.929512023925781250e-01 -2.162492275238037109e-02
-2.260408401489257812e+00 6.932843327522277832e-01 -2.063238620758056641e-02
-2.255628585815429688e+00 6.937431693077087402e-01 -2.160423994064331055e-02
-2.258219718933105469e+00 6.988586187362670898e-01 -2.037495374679565430e-02
-2.253576040267944336e+00 7.019127607345581055e-01 -2.123612165451049805e-02
-2.250410079956054688e+00 7.254083752632141113e-01 -2.305257320404052734e-02
-2.255975723266601562e+00 7.449470758438110352e-01 -2.340459823608398438e-02
-2.242479562759399414e+00 7.784635424613952637e-01 -2.813750505447387695e-02
-2.221923112869262695e+00 8.050744533538818359e-01 -3.533381223678588867e-02
-2.207949399948120117e+00 8.306799530982971191e-01 -4.153883457183837891e-02
-2.190207958221435547e+00 8.581992983818054199e-01 -4.804629087448120117e-02
-2.192375659942626953e+00 8.742026686668395996e-01 -4.922074079513549805e-02
-2.180428266525268555e+00 8.878629803657531738e-01 -5.264274775981903076e-02
-2.173436641693115234e+00 8.993507027626037598e-01 -5.490987002849578857e-02
-2.169653177261352539e+00 9.104846119880676270e-01 -5.672937631607055664e-02
-2.171603441238403320e+00 9.102814793586730957e-01 -5.645176768302917480e-02
-2.169741392135620117e+00 9.086344838142395020e-01 -5.655503273010253906e-02
-2.176418542861938477e+00 9.070854783058166504e-01 -5.484673380851745605e-02
-2.169586896896362305e+00 9.072535634040832520e-01 -5.642016232013702393e-02
-2.168540239334106445e+00 9.116043448448181152e-01 -5.713360011577606201e-02
-2.169996261596679688e+00 9.091690182685852051e-01 -5.670496821403503418e-02
-2.168438434600830078e+00 9.101731181144714355e-01 -5.721981823444366455e-02
-2.170539617538452148e+00 9.143434166908264160e-01 -5.731274187564849854e-02
-2.166714668273925781e+00 9.179256558418273926e-01 -5.880159139633178711e-02
-2.164515733718872070e+00 9.179194569587707520e-01 -5.994364619255065918e-02
-2.151603937149047852e+00 9.310932755470275879e-01 -6.400072574615478516e-02
-2.134889364242553711e+00 9.535246491432189941e-01 -7.103155553340911865e-02
-2.096347332000732422e+00 1.015224456787109375e+00 -8.707027137279510498e-02
-2.058220148086547852e+00 1.081140279769897461e+00 -1.037019789218902588e-01
-2.012537002563476562e+00 1.129600763320922852e+00 -1.183527261018753052e-01
-1.967201471328735352e+00 1.182551383972167969e+00 -1.333411037921905518e-01
-1.922757148742675781e+00 1.230284452438354492e+00 -1.471062153577804565e-01
-1.889075636863708496e+00 1.260473012924194336e+00 -1.562979072332382202e-01
-1.863837361335754395e+00 1.290400266647338867e+00 -1.640575528144836426e-01
-1.843635082244873047e+00 1.321314096450805664e+00 -1.716257184743881226e-01
-1.844819307327270508e+00 1.321285486221313477e+00 -1.722587198019027710e-01
-1.790364861488342285e+00 1.363754034042358398e+00 -1.892100423574447632e-01
-1.758740663528442383e+00 1.410446643829345703e+00 -2.021647393703460693e-01
-1.673567056655883789e+00 1.493651390075683594e+00 -2.346904575824737549e-01
-1.619100809097290039e+00 1.551369190216064453e+00 -2.571602761745452881e-01
-1.486588478088378906e+00 1.665375232696533203e+00 -3.064420223236083984e-01
-1.235261201858520508e+00 1.833500623703002930e+00 -4.048613309860229492e-01
-9.688404798507690430e-01 2.027799367904663086e+00 -5.090742111206054688e-01
-8.518563508987426758e-01 2.071919202804565430e+00 -5.620426535606384277e-01
-7.571116685867309570e-01 2.102989196777343750e+00 -6.046377420425415039e-01
-7.665039300918579102e-01 2.095276832580566406e+00 -6.032848358154296875e-01
-7.554985284805297852e-01 2.091599941253662109e+00 -6.106520295143127441e-01
-7.661106586456298828e-01 2.090615510940551758e+00 -6.097632646560668945e-01
-8.003455400466918945e-01 2.068286895751953125e+00 -5.960692167282104492e-01
-7.775475978851318359e-01 2.083265542984008789e+00 -6.069383025169372559e-01
-7.720309495925903320e-01 2.090881586074829102e+00 -6.101760864257812500e-01
-7.777538299560546875e-01 2.075808048248291016e+00 -6.083966493606567383e-01
-7.673875093460083008e-01 2.092808723449707031e+00 -6.126376986503601074e-01
-7.793589830398559570e-01 2.079937219619750977e+00 -6.076794862747192383e-01
-7.781723737716674805e-01 2.076861381530761719e+00 -6.089552640914916992e-01
-7.884793281555175781e-01 2.063268423080444336e+00 -6.043767929077148438e-01
-7.728842496871948242e-01 2.083132505416870117e+00 -6.103804111480712891e-01
-7.686287164688110352e-01 2.090084314346313477e+00 -6.121529340744018555e-01
-7.677074670791625977e-01 2.093394756317138672e+00 -6.129034757614135742e-01
-7.875392436981201172e-01 2.065555095672607422e+00 -6.044488549232482910e-01
-8.065674304962158203e-01 2.058455228805541992e+00 -5.956594944000244141e-01
-7.762930393218994141e-01 2.081560373306274414e+00 -6.093910336494445801e-01
-7.803684473037719727e-01 2.079320192337036133e+00 -6.074494719505310059e-01
-7.745288610458374023e-01 2.075870752334594727e+00 -6.103092432022094727e-01
-7.697579860687255859e-01 2.076329708099365234e+00 -6.116317510604858398e-01
-7.677633762359619141e-01 2.091336011886596680e+00 -6.128365993499755859e-01
-7.952141761779785156e-01 2.070699691772460938e+00 -6.013174057006835938e-01
-7.720444202423095703e-01 2.086158275604248047e+00 -6.108297705650329590e-01
-7.788604497909545898e-01 2.074026823043823242e+00 -6.081285476684570312e-01
-7.788051366806030273e-01 2.078917264938354492e+00 -6.070992946624755859e-01
-7.829394340515136719e-01 2.079064607620239258e+00 -6.066430807113647461e-01
-7.776360511779785156e-01 2.075576543807983398e+00 -6.091314554214477539e-01
-7.695208787918090820e-01 2.081717729568481445e+00 -6.127352714538574219e-01
-7.833487987518310547e-01 2.075899362564086914e+00 -6.071707010269165039e-01
-7.860569953918457031e-01 2.070173501968383789e+00 -6.045905351638793945e-01
-7.809814214706420898e-01 2.073935747146606445e+00 -6.074932813644409180e-01
-7.823681831359863281e-01 2.077322959899902344e+00 -6.078156232833862305e-01
-7.691794633865356445e-01 2.089120149612426758e+00 -6.123309731483459473e-01
-8.026669025421142578e-01 2.054223537445068359e+00 -5.983200073242187500e-01
-7.747926712036132812e-01 2.071134090423583984e+00 -6.086589694023132324e-01
-7.749685049057006836e-01 2.085898399353027344e+00 -6.094961166381835938e-01
-7.807246446609497070e-01 2.071733474731445312e+00 -6.066946983337402344e-01
-7.842365503311157227e-01 2.073174238204956055e+00 -6.058647632598876953e-01
-7.866163253784179688e-01 2.067278623580932617e+00 -6.043995022773742676e-01
-7.795487642288208008e-01 2.068917989730834961e+00 -6.080690622329711914e-01
-7.807421684265136719e-01 2.075647354125976562e+00 -6.073484420776367188e-01
-7.841993570327758789e-01 2.070995569229125977e+00 -6.060115098953247070e-01
-7.865233421325683594e-01 2.069830179214477539e+00 -6.057011485099792480e-01
-2.259468317031860352e+00 6.946257948875427246e-01 -2.078819274902343750e-02
-2.260655641555786133e+00 6.932957768440246582e-01 -2.095741033554077148e-02
-2.262724876403808594e+00 6.906805634498596191e-01 -2.072736620903015137e-02
-2.261041164398193359e+00 6.906927227973937988e-01 -2.146494388580322266e-02
-2.255474567413330078e+00 6.917999982833862305e-01 -2.214300632476806641e-02
-2.258459806442260742e+00 6.935896277427673340e-01 -2.073973417282104492e-02
-2.259021759033203125e+00 6.919012069702148438e-01 -2.137416601181030273e-02
-2.260598897933959961e+00 6.884630322456359863e-01 -2.084612846374511719e-02
-2.259677648544311523e+00 6.933087706565856934e-01 -2.110606431961059570e-02
-2.262005567550659180e+00 6.905944347381591797e-01 -2.122318744659423828e-02
-2.264130115509033203e+00 6.927934288978576660e-01 -2.009594440460205078e-02
-2.261104583740234375e+00 6.939337849617004395e-01 -2.057582139968872070e-02
-2.262951850891113281e+00 6.939545273780822754e-01 -2.008843421936035156e-02
-2.262269020080566406e+00 6.946048140525817871e-01 -2.062314748764038086e-02
-2.254867076873779297e+00 6.956074237823486328e-01 -2.141723036766052246e-02
-2.252330064773559570e+00 7.073622941970825195e-01 -2.176225185394287109e-02
-2.253594160079956055e+00 7.255673408508300781e-01 -2.250128984451293945e-02
-2.251778841018676758e+00 7.513350844383239746e-01 -2.463656663894653320e-02
-2.246417999267578125e+00 7.752982378005981445e-01 -2.650737762451171875e-02
-2.218453407287597656e+00 8.020080327987670898e-01 -3.671166300773620605e-02
-2.207576990127563477e+00 8.327335715293884277e-01 -4.147863388061523438e-02
-2.194417715072631836e+00 8.542312979698181152e-01 -4.671353101730346680e-02
-2.185409784317016602e+00 8.824982047080993652e-01 -5.110286176204681396e-02
-2.179699659347534180e+00 8.926786780357360840e-01 -5.304302275180816650e-02
-2.172080993652343750e+00 8.992424607276916504e-01 -5.536077916622161865e-02
-2.174800872802734375e+00 9.011450409889221191e-01 -5.455979704856872559e-02
-2.174388170242309570e+00 9.068776965141296387e-01 -5.519363284111022949e-02
-2.169231653213500977e+00 9.060634970664978027e-01 -5.649153888225555420e-02
-2.170726060867309570e+00 9.079720377922058105e-01 -5.628424882888793945e-02
-2.172571659088134766e+00 9.086206555366516113e-01 -5.590932071208953857e-02
-2.169012546539306641e+00 9.079599976539611816e-01 -5.664363503456115723e-02
-2.168375015258789062e+00 9.098134636878967285e-01 -5.714544653892517090e-02
-2.171350955963134766e+00 9.113149046897888184e-01 -5.633138120174407959e-02
-2.171711921691894531e+00 9.066830277442932129e-01 -5.575291812419891357e-02
-2.179355621337890625e+00 9.085310101509094238e-01 -5.299140512943267822e-02
-2.192641019821166992e+00 9.158558249473571777e-01 -4.743063449859619141e-02
-2.202561855316162109e+00 9.219589829444885254e-01 -4.459622502326965332e-02
-2.223040103912353516e+00 9.477422833442687988e-01 -3.931859135627746582e-02
-2.239227533340454102e+00 9.448067545890808105e-01 -3.313505649566650391e-02
-2.234914064407348633e+00 9.697031378746032715e-01 -3.390181064605712891e-02
-2.201215505599975586e+00 1.010483503341674805e+00 -4.650324583053588867e-02
-2.142219781875610352e+00 1.050697326660156250e+00 -6.730061769485473633e-02
-2.092509269714355469e+00 1.098487377166748047e+00 -8.588226139545440674e-02
-2.051651239395141602e+00 1.135775327682495117e+00 -9.879112243652343750e-02
-2.050087451934814453e+00 1.150178670883178711e+00 -9.995891153812408447e-02
-2.044121742248535156e+00 1.154120445251464844e+00 -1.015422493219375610e-01
-2.024329662322998047e+00 1.165241956710815430e+00 -1.075934022665023804e-01
-2.015724658966064453e+00 1.169397830963134766e+00 -1.111434698104858398e-01
-2.025350570678710938e+00 1.168359041213989258e+00 -1.085684895515441895e-01
-2.034160375595092773e+00 1.161266565322875977e+00 -1.044430434703826904e-01
-2.018758535385131836e+00 1.174054384231567383e+00 -1.108319163322448730e-01
-2.032544612884521484e+00 1.166331291198730469e+00 -1.057855933904647827e-01
-2.020225286483764648e+00 1.181033372879028320e+00 -1.113889813423156738e-01
-2.026955127716064453e+00 1.178787231445312500e+00 -1.094533503055572510e-01
-2.042232513427734375e+00 1.171892166137695312e+00 -1.055285334587097168e-01
-2.040194272994995117e+00 1.179815292358398438e+00 -1.086632758378982544e-01
-2.075948238372802734e+00 1.163246393203735352e+00 -1.031783372163772583e-01
-2.062571763992309570e+00 1.180685997009277344e+00 -1.109681576490402222e-01
-2.058482885360717773e+00 1.187177658081054688e+00 -1.128967851400375366e-01
-2.047689199447631836e+00 1.177621126174926758e+00 -1.153247356414794922e-01
-2.038464307785034180e+00 1.173873424530029297e+00 -1.170539855957031250e-01
-1.984923958778381348e+00 1.184422254562377930e+00 -1.349271386861801147e-01
-1.953070521354675293e+00 1.184426546096801758e+00 -1.481733471155166626e-01
-1.913443326950073242e+00 1.194349765777587891e+00 -1.661796718835830688e-01
-1.886871218681335449e+00 1.206217765808105469e+00 -1.776540130376815796e-01
-1.872206687927246094e+00 1.216424942016601562e+00 -1.842899322509765625e-01
-1.875579118728637695e+00 1.200220584869384766e+00 -1.824560910463333130e-01
-1.856748342514038086e+00 1.214753627777099609e+00 -1.905675232410430908e-01
-1.871680617332458496e+00 1.202421903610229492e+00 -1.846240311861038208e-01
-1.845575332641601562e+00 1.221482276916503906e+00 -1.957653015851974487e-01
-1.840596675872802734e+00 1.233695268630981445e+00 -1.972546428442001343e-01
-1.875512838363647461e+00 1.206901788711547852e+00 -1.835067421197891235e-01
-1.839326143264770508e+00 1.229085683822631836e+00 -1.980898827314376831e-01
-1.852305650711059570e+00 1.233507633209228516e+00 -1.933822333812713623e-01
-1.881942152976989746e+00 1.209339857101440430e+00 -1.802709400653839111e-01
-1.865140080451965332e+00 1.216064453125000000e+00 -1.866989731788635254e-01
-1.851712584495544434e+00 1.222491979598999023e+00 -1.925837695598602295e-01
-1.863045454025268555e+00 1.212141990661621094e+00 -1.884962320327758789e-01
-1.828227043151855469e+00 1.239437580108642578e+00 -2.032303810119628906e-01
-1.877040147781372070e+00 1.215300321578979492e+00 -1.822649091482162476e-01
-1.870144128799438477e+00 1.213564634323120117e+00 -1.853070110082626343e-01
-1.842914581298828125e+00 1.232633829116821289e+00 -1.963285505771636963e-01
-1.866951107978820801e+00 1.221376180648803711e+00 -1.858908683061599731e-01
-1.818057417869567871e+00 1.260860681533813477e+00 -2.063152045011520386e-01
-1.741894483566284180e+00 1.315494298934936523e+00 -2.366129755973815918e-01
-1.646475553512573242e+00 1.418292522430419922e+00 -2.732166051864624023e-01
-1.547301173210144043e+00 1.501666545867919922e+00 -3.107239305973052979e-01
-1.461177349090576172e+00 1.589619636535644531e+00 -3.395450413227081299e-01
-1.293616414070129395e+00 1.720221757888793945e+00 -3.993081748485565186e-01
-1.141876935958862305e+00 1.876173973083496094e+00 -4.594900012016296387e-01
-9.882767200469970703e-01 2.012271404266357422e+00 -5.207971334457397461e-01
-8.857673406600952148e-01 2.100352764129638672e+00 -5.643883347511291504e-01
-8.415950536727905273e-01 2.172674179077148438e+00 -5.849282741546630859e-01
-8.023895025253295898e-01 2.200369834899902344e+00 -6.025044918060302734e-01
-8.078665733337402344e-01 2.193756580352783203e+00 -5.995659232139587402e-01
-8.001561164855957031e-01 2.195087432861328125e+00 -6.019493937492370605e-01
-7.958889007568359375e-01 2.191242694854736328e+00 -6.051962375640869141e-01
-8.013585805892944336e-01 2.212477207183837891e+00 -6.038280129432678223e-01
-7.930418252944946289e-01 2.198494672775268555e+00 -6.058431863784790039e-01
-2.258325576782226562e+00 6.921584606170654297e-01 -2.143162488937377930e-02
-2.262649059295654297e+00 6.913015246391296387e-01 -2.053871750831604004e-02
-2.261471033096313477e+00 6.906821131706237793e-01 -2.083072066307067871e-02
-2.260953426361083984e+00 6.899863481521606445e-01 -2.082774043083190918e-02
-2.262283563613891602e+00 6.896342039108276367e-01 -2.054005861282348633e-02
-2.258534431457519531e+00 6.899592280387878418e-01 -2.129319310188293457e-02
-2.260043621063232422e+00 6.920351386070251465e-01 -2.134937047958374023e-02
-2.262913227081298828e+00 6.931526064872741699e-01 -2.011322975158691406e-02
-2.264583110809326172e+00 6.913348436355590820e-01 -2.018445730209350586e-02
-2.258098125457763672e+00 6.927413344383239746e-01 -2.126318216323852539e-02
-2.261394023895263672e+00 6.909530162811279297e-01 -2.119410037994384766e-02
-2.261314630508422852e+00 6.901754140853881836e-01 -2.035963535308837891e-02
-2.265060186386108398e+00 6.935680508613586426e-01 -2.034488320350646973e-02
-2.258693695068359375e+00 6.878364682197570801e-01 -2.188014984130859375e-02
-2.256555080413818359e+00 6.835607886314392090e-01 -2.291801571846008301e-02
-2.262407302856445312e+00 6.736022830009460449e-01 -2.240175008773803711e-02
-2.258497238159179688e+00 6.658208370208740234e-01 -2.515643835067749023e-02
-2.242575883865356445e+00 6.592469215393066406e-01 -3.236809372901916504e-02
-2.228266716003417969e+00 6.428595185279846191e-01 -3.726997971534729004e-02
-2.196078300476074219e+00 6.175571084022521973e-01 -4.813283681869506836e-02
-2.182121276855468750e+00 5.592865347862243652e-01 -5.958425998687744141e-02
-2.170707702636718750e+00 5.476623177528381348e-01 -6.393167376518249512e-02
-2.164338827133178711e+00 5.345419049263000488e-01 -6.843307614326477051e-02
-2.162970542907714844e+00 5.187695026397705078e-01 -7.364784181118011475e-02
-2.162377595901489258e+00 5.052596330642700195e-01 -7.582871615886688232e-02
-2.160253524780273438e+00 5.179499983787536621e-01 -7.547913491725921631e-02
-2.156954050064086914e+00 5.262792706489562988e-01 -7.746709883213043213e-02
-2.147804737091064453e+00 5.542533993721008301e-01 -7.879072427749633789e-02
-2.131981611251831055e+00 5.846555829048156738e-01 -8.629114925861358643e-02
-2.106910228729248047e+00 6.287648081779479980e-01 -9.954543411731719971e-02
-2.091111183166503906e+00 6.579311490058898926e-01 -1.067362576723098755e-01
-2.044041395187377930e+00 7.265950441360473633e-01 -1.273121088743209839e-01
-1.994183778762817383e+00 7.859928607940673828e-01 -1.498794704675674438e-01
-1.943415164947509766e+00 8.094536066055297852e-01 -1.752318292856216431e-01
-1.913998126983642578e+00 8.186672329902648926e-01 -1.932273954153060913e-01
-1.884941220283508301e+00 8.086091279983520508e-01 -2.121094316244125366e-01
-1.870491027832031250e+00 7.696546912193298340e-01 -2.240884453058242798e-01
-1.820534825325012207e+00 6.870586276054382324e-01 -2.474427819252014160e-01
-1.656409025192260742e+00 5.456626415252685547e-01 -3.249072432518005371e-01
-1.485964059829711914e+00 3.788938522338867188e-01 -4.026921391487121582e-01
-1.233804702758789062e+00 1.238071322441101074e-01 -5.159037709236145020e-01
-1.049576044082641602e+00 -2.517351210117340088e-01 -6.201342344284057617e-01
-9.016807079315185547e-01 -3.713318109512329102e-01 -7.221662402153015137e-01
-8.644250631332397461e-01 -3.776734471321105957e-01 -7.562690377235412598e-01
-8.675364255905151367e-01 -3.767378330230712891e-01 -7.637523412704467773e-01
-8.742295503616333008e-01 -3.791567087173461914e-01 -7.687245011329650879e-01
-8.724806308746337891e-01 -3.785246312618255615e-01 -7.674252390861511230e-01
-8.722753524780273438e-01 -3.784504532814025879e-01 -7.672727704048156738e-01
-8.745173215866088867e-01 -3.792607188224792480e-01 -7.689383029937744141e-01
-8.733973503112792969e-01 -3.788559436798095703e-01 -7.681062221527099609e-01
-8.748242855072021484e-01 -3.793716430664062500e-01 -7.691662907600402832e-01
-8.765716552734375000e-01 -3.800031542778015137e-01 -7.704644203186035156e-01
-8.743705749511718750e-01 -3.792076706886291504e-01 -7.688292264938354492e-01
-8.760757446289062500e-01 -3.798238933086395264e-01 -7.700959444046020508e-01
-8.773238658905029297e-01 -3.802749514579772949e-01 -7.710231542587280273e-01
-8.690297603607177734e-01 -3.772774934768676758e-01 -7.648617029190063477e-01
-8.740987777709960938e-01 -3.791094422340393066e-01 -7.686273455619812012e-01
-8.723191022872924805e-01 -3.784662485122680664e-01 -7.673052549362182617e-01
-8.742028474807739258e-01 -3.791470527648925781e-01 -7.687046527862548828e-01
-8.737144470214843750e-01 -3.789705634117126465e-01 -7.683418393135070801e-01
-8.756256103515625000e-01 -3.796612024307250977e-01 -7.697615623474121094e-01
-8.782005310058593750e-01 -3.805918097496032715e-01 -7.716744542121887207e-01
-8.800725936889648438e-01 -3.812683224678039551e-01 -7.730650901794433594e-01
-8.780761957168579102e-01 -3.805468678474426270e-01 -7.715820074081420898e-01
-8.749274015426635742e-01 -3.794088959693908691e-01 -7.692428827285766602e-01
-8.771531581878662109e-01 -3.802132904529571533e-01 -7.708963751792907715e-01
-8.749899864196777344e-01 -3.794314861297607422e-01 -7.692893743515014648e-01
-8.760234117507934570e-01 -3.798049986362457275e-01 -7.700570821762084961e-01
-8.757690191268920898e-01 -3.797130584716796875e-01 -7.698681354522705078e-01
-8.744360208511352539e-01 -3.792312741279602051e-01 -7.688778042793273926e-01
-8.738967180252075195e-01 -3.790363967418670654e-01 -7.684772014617919922e-01
-8.712038993835449219e-01 -3.780632615089416504e-01 -7.664768099784851074e-01
-8.775701522827148438e-01 -3.803640007972717285e-01 -7.712061405181884766e-01
-8.754503726959228516e-01 -3.795979022979736328e-01 -7.696314454078674316e-01
-8.763101100921630859e-01 -3.799086213111877441e-01 -7.702701091766357422e-01
-8.730959892272949219e-01 -3.787470161914825439e-01 -7.678823471069335938e-01
-8.713221549987792969e-01 -3.781059682369232178e-01 -7.665646076202392578e-01
-8.781638145446777344e-01 -3.805785477161407471e-01 -7.716471552848815918e-01
-8.726823329925537109e-01 -3.785974979400634766e-01 -7.675750255584716797e-01
-8.713853359222412109e-01 -3.781287670135498047e-01 -7.666115760803222656e-01
-8.736585378646850586e-01 -3.789503276348114014e-01 -7.683002948760986328e-01
-8.703744411468505859e-01 -3.777634799480438232e-01 -7.658606767654418945e-01
-8.738292455673217773e-01 -3.790120482444763184e-01 -7.684271335601806641e-01
-8.726089000701904297e-01 -3.785710036754608154e-01 -7.675205469131469727e-01
-8.816000223159790039e-01 -3.818203806877136230e-01 -7.741998434066772461e-01
-8.762106895446777344e-01 -3.798726797103881836e-01 -7.701961994171142578e-01
-8.755451440811157227e-01 -3.796321153640747070e-01 -7.697017192840576172e-01
-8.787913322448730469e-01 -3.808053135871887207e-01 -7.721132636070251465e-01
-8.746850490570068359e-01 -3.793213367462158203e-01 -7.690628767013549805e-01
-8.750634193420410156e-01 -3.794580399990081787e-01 -7.693439126014709473e-01
-8.765732049942016602e-01 -3.800036907196044922e-01 -7.704654932022094727e-01
-8.777475357055664062e-01 -3.804280757904052734e-01 -7.713378667831420898e-01
-8.760941028594970703e-01 -3.798305392265319824e-01 -7.701095342636108398e-01
-8.801194429397583008e-01 -3.812852799892425537e-01 -7.730998992919921875e-01
-8.750464916229248047e-01 -3.794519305229187012e-01 -7.693313956260681152e-01
-8.726427555084228516e-01 -3.785832524299621582e-01 -7.675457000732421875e-01
-8.744511604309082031e-01 -3.792367577552795410e-01 -7.688890695571899414e-01
-8.736416101455688477e-01 -3.789442181587219238e-01 -7.682877779006958008e-01
-8.741532564163208008e-01 -3.791291117668151855e-01 -7.686678171157836914e-01
-2.259480476379394531e+00 6.922873258590698242e-01 -2.114647626876831055e-02
-2.257814884185791016e+00 6.916909813880920410e-01 -2.151840925216674805e-02
-2.260741233825683594e+00 6.904563903808593750e-01 -2.106690406799316406e-02
-2.262502431869506836e+00 6.908496022224426270e-01 -2.025532722473144531e-02
-2.261815547943115234e+00 6.887361407279968262e-01 -2.055040001869201660e-02
-2.259492158889770508e+00 6.923638582229614258e-01 -2.138960361480712891e-02
-2.258042573928833008e+00 6.922177076339721680e-01 -2.186563611030578613e-02
-2.259759902954101562e+00 6.925520300865173340e-01 -2.111151814460754395e-02
-2.260015010833740234e+00 6.914687156677246094e-01 -2.129375934600830078e-02
-2.260721683502197266e+00 6.918659210205078125e-01 -2.082747220993041992e-02
-2.262517213821411133e+00 6.927909851074218750e-01 -2.077436447143554688e-02
-2.257784843444824219e+00 6.915603280067443848e-01 -2.156263589859008789e-02
-2.264394760131835938e+00 6.931235790252685547e-01 -2.048105001449584961e-02
-2.260408401489257812e+00 6.873973011970520020e-01 -2.113622426986694336e-02
-2.258574962615966797e+00 6.825122237205505371e-01 -2.290439605712890625e-02
-2.258510112762451172e+00 6.725010871887207031e-01 -2.388787269592285156e-02
-2.246664285659790039e+00 6.676630973815917969e-01 -2.842223644256591797e-02
-2.238904237747192383e+00 6.570985913276672363e-01 -3.250586986541748047e-02
-2.221398353576660156e+00 6.389258503913879395e-01 -3.832465410232543945e-02
-2.195715665817260742e+00 6.127553582191467285e-01 -4.738223552703857422e-02
-2.180659770965576172e+00 5.530942678451538086e-01 -6.025220453739166260e-02
-2.168955087661743164e+00 5.479035973548889160e-01 -6.445707380771636963e-02
-2.162750959396362305e+00 5.319540500640869141e-01 -6.957218050956726074e-02
-2.163711786270141602e+00 5.211217999458312988e-01 -7.238401472568511963e-02
-2.160364389419555664e+00 5.107891559600830078e-01 -7.581518590450286865e-02
-2.163140296936035156e+00 5.033831596374511719e-01 -7.621128857135772705e-02
-2.163407564163208008e+00 5.034362077713012695e-01 -7.600395381450653076e-02
-2.162186384201049805e+00 4.973397254943847656e-01 -7.788802683353424072e-02
-2.162122964859008789e+00 4.973874688148498535e-01 -7.759755849838256836e-02
-2.161069154739379883e+00 4.962502717971801758e-01 -7.846599817276000977e-02
-2.159614324569702148e+00 4.958205819129943848e-01 -7.925181090831756592e-02
-2.160965919494628906e+00 5.044745802879333496e-01 -7.742087543010711670e-02
-2.160174369812011719e+00 4.976515769958496094e-01 -7.872886955738067627e-02
-2.157883644104003906e+00 4.994611144065856934e-01 -7.954438030719757080e-02
-2.157667875289916992e+00 4.910488724708557129e-01 -8.070203661918640137e-02
-2.154919862747192383e+00 5.116326212882995605e-01 -8.311231434345245361e-02
-2.148090600967407227e+00 5.279740691184997559e-01 -9.048277139663696289e-02
-2.143788814544677734e+00 5.225853323936462402e-01 -9.634950757026672363e-02
-2.104420661926269531e+00 5.556991100311279297e-01 -1.089835166931152344e-01
-2.091112852096557617e+00 5.664049983024597168e-01 -1.129565536975860596e-01
-2.055653810501098633e+00 5.628794431686401367e-01 -1.241255849599838257e-01
-2.029025316238403320e+00 5.596347451210021973e-01 -1.328489035367965698e-01
-1.993465662002563477e+00 5.658472776412963867e-01 -1.455227881669998169e-01
-1.978497982025146484e+00 4.802302122116088867e-01 -1.554103344678878784e-01
-1.963384389877319336e+00 4.589034318923950195e-01 -1.645056605339050293e-01
-1.960197687149047852e+00 3.999262452125549316e-01 -1.673770844936370850e-01
-1.947181820869445801e+00 4.104447364807128906e-01 -1.701743304729461670e-01
-1.953755140304565430e+00 4.243063330650329590e-01 -1.673442125320434570e-01
-1.966237783432006836e+00 3.425993323326110840e-01 -1.641466915607452393e-01
-1.956953525543212891e+00 4.233282208442687988e-01 -1.638810038566589355e-01
-1.952843546867370605e+00 3.977968692779541016e-01 -1.618399918079376221e-01
-1.964086055755615234e+00 3.730754256248474121e-01 -1.576483249664306641e-01
-1.943721175193786621e+00 5.217522978782653809e-01 -1.616555452346801758e-01
-1.885583639144897461e+00 5.688809156417846680e-01 -1.989095211029052734e-01
-1.862770557403564453e+00 6.126013994216918945e-01 -2.090588808059692383e-01
-1.797297716140747070e+00 7.285741567611694336e-01 -2.251968085765838623e-01
-1.695646762847900391e+00 9.476848244667053223e-01 -2.565761506557464600e-01
-1.631108403205871582e+00 1.089064836502075195e+00 -2.809727787971496582e-01
-1.505793929100036621e+00 1.244757652282714844e+00 -3.344534635543823242e-01
-1.377258777618408203e+00 1.348360538482666016e+00 -3.986418247222900391e-01
-1.266995549201965332e+00 1.401258707046508789e+00 -4.574956297874450684e-01
-1.081544041633605957e+00 1.591180324554443359e+00 -5.269716978073120117e-01
-9.939196109771728516e-01 1.672474145889282227e+00 -5.619510412216186523e-01
-8.580884933471679688e-01 1.824310302734375000e+00 -6.032916307449340820e-01
-8.330687284469604492e-01 1.862548112869262695e+00 -6.110615730285644531e-01
-7.834115028381347656e-01 1.914811372756958008e+00 -6.313999891281127930e-01
-7.639679908752441406e-01 1.936102628707885742e+00 -6.359973549842834473e-01
-7.644493579864501953e-01 1.935515642166137695e+00 -6.389451026916503906e-01
-7.565543651580810547e-01 1.944379091262817383e+00 -6.379157304763793945e-01
-7.591462135314941406e-01 1.939476966857910156e+00 -6.382171511650085449e-01
-7.849521636962890625e-01 1.913730382919311523e+00 -6.278460621833801270e-01
