-2.279414887696672665e+00 -6.295830711484152742e-01 -1.479802294745485580e-01
-2.392490493714727329e+00 -4.857546794762149234e-01 -7.741520509074680846e-03
-2.543708480539326633e+00 -3.507439500743207428e-01 1.692758829661379083e-01
-2.652186285592884385e+00 -2.107939147934834723e-01 2.781230610995422126e-01
-2.752407822078983823e+00 -7.378532959850712947e-02 3.839065066472998056e-01
-2.807932910547902505e+00 -1.136482352636521836e-02 4.640389910212620594e-01
-2.870678098917215149e+00 5.507541811590554309e-02 5.283921999828584681e-01
-2.911431268500705105e+00 9.593678139674406691e-02 5.370167360427186010e-01
-2.924401384963922101e+00 8.147587010232290594e-02 5.404955360585477209e-01
-2.944000071081285252e+00 1.057254184296548549e-01 5.898307667350042305e-01
-2.943227816222028448e+00 1.257027864102147618e-01 5.855610201491489031e-01
-2.932473173376037856e+00 1.330995100145790921e-01 5.960352353664000180e-01
-2.940861412293448662e+00 1.178893946136161802e-01 5.796541212128745180e-01
-2.935339020223051154e+00 1.320500458679001177e-01 5.939378714499473633e-01
-2.956677133180694472e+00 9.973594111686760744e-02 5.807590673348672627e-01
-2.947947966885939408e+00 1.411890676635521036e-01 5.786928884745119461e-01
-2.932219214050107325e+00 1.145437005954000470e-01 5.904373808888526698e-01
-2.926180800069975163e+00 1.413201271524840152e-01 5.928941737771840081e-01
-2.889641773745428299e+00 9.125102465834872278e-02 5.782404217175532990e-01
-2.946736375773602035e+00 1.071481065324645932e-01 5.788533901229512280e-01
-2.949550130629162936e+00 9.970411162239958824e-02 5.711600477302306578e-01
-2.945334508003489837e+00 1.425895153736418952e-01 5.843231035374312210e-01
-2.968456278286180527e+00 1.129900640606547463e-01 6.169430441599710324e-01
-2.928333426411574347e+00 1.167413332498900558e-01 5.820053196462130485e-01
-2.944727325930911466e+00 1.649418987990943775e-01 5.954351464799666482e-01
-2.924115680452448185e+00 1.246827914939724058e-01 5.774112166777064514e-01
-2.937452784515912185e+00 1.468759625131688673e-01 5.731415219207527390e-01
-2.936952995108171205e+00 1.149532848527148737e-01 5.945349428044510720e-01
-2.942068435830898832e+00 1.254791019190556467e-01 5.842342973528115158e-01
-2.925215561959728650e+00 1.149716396976034616e-01 5.825251651319957036e-01
-2.960318877434041429e+00 1.366035754774151956e-01 5.927806833743323178e-01
-2.921803342704921036e+00 1.372496858055423652e-01 5.939821499759141421e-01
-2.947838320322667016e+00 1.122470179648490246e-01 6.030655797998332179e-01
-2.919867751532645439e+00 1.168566565270582197e-01 5.882861168468322965e-01
-2.911065522400697159e+00 1.168652746740791587e-01 5.711880625446791315e-01
-2.972220535323955026e+00 1.357136164762832442e-01 5.947413731478431442e-01
-2.928334908892884503e+00 1.207469513185547433e-01 5.861107881132563424e-01
-2.962908612382256113e+00 1.039407626434122739e-01 5.781091515754867016e-01
-2.935882562769404736e+00 1.383489681214831457e-01 5.952915960981417509e-01
-2.941255376278044675e+00 1.326351725115690050e-01 5.749029112322786572e-01
-2.975135548108601924e+00 1.483670623366951935e-01 5.555747790811726983e-01
-2.932857039630215823e+00 1.361716044881660093e-01 5.938880826153773995e-01
-1.735125118179761949e-01 -2.651542572763770922e-01 -1.098687209454972565e-02
-1.894461666556463142e-01 -2.432353068787370121e-01 -7.636027999365951197e-03
-1.977833987407332517e-01 -2.385663319749076472e-01 -4.736131457782642717e-03
-2.202897447168898071e-01 -2.452681417128809715e-01 3.892825067205413908e-02
-1.918934883056633844e-01 -2.511356971407586736e-01 2.347142268000124848e-02
-1.790565069091646366e-01 -2.705370860347912632e-01 2.548727575029679365e-02
-1.964947860604990548e-01 -2.518183011098208413e-01 3.745237781761324991e-02
-1.745047755413258184e-01 -2.470021429094990673e-01 2.103447627596348457e-02
-2.004346593524418685e-01 -2.423873749182768600e-01 3.684734256056958202e-02
-1.875228960357719077e-01 -2.706177874801888317e-01 1.353891371978478697e-02
-1.828568153842755062e-01 -2.547875766691131694e-01 1.595600814474445669e-02
-1.988121654692386053e-01 -2.795452542739286783e-01 4.810110690188719451e-02
-2.214460465361883790e-01 -2.495128692106097501e-01 3.903344416433350561e-02
-1.711990698971056490e-01 -2.598600292774111975e-01 5.040391953691950727e-02
-1.274474506717275524e-01 -2.653507669215288134e-01 7.248891135779368666e-02
-8.726474846347681558e-02 -3.233432568523645356e-01 9.601265133784069039e-02
6.158252056124711125e-03 -3.563864272247569964e-01 1.765301896414597504e-01
5.990289927155596772e-02 -3.910702189521702565e-01 2.762767279034006873e-01
1.644776806114600365e-01 -4.728174995430633465e-01 3.484317093438509261e-01
2.976429047638203818e-01 -5.108162578483670391e-01 4.234054515496031845e-01
3.960334039485168822e-01 -5.523109983207137308e-01 5.164766008757047944e-01
5.149480805634546465e-01 -5.933729179061669745e-01 6.098376629619238765e-01
5.763433422140454843e-01 -6.403207693366214093e-01 6.644549416901013306e-01
6.119017590003960061e-01 -6.803752017919825201e-01 7.334082612863692674e-01
6.649700455206684069e-01 -6.829676532068544859e-01 7.399202468628323093e-01
6.958749908926556982e-01 -7.081641199378428952e-01 7.459391599250009275e-01
6.651010869809783621e-01 -6.955575184114740628e-01 7.614300218040127577e-01
6.849752766834470430e-01 -7.023258766307245438e-01 7.337816180257027421e-01
6.807443170933581422e-01 -6.819434117975908816e-01 7.622549194163305009e-01
6.729887131640078790e-01 -6.810437683780531382e-01 7.550860091626551140e-01
6.645637561907932200e-01 -6.581267014431202433e-01 7.761936479362095964e-01
6.646808112685227421e-01 -6.640003156746892010e-01 7.565630966182604888e-01
6.798707770864728106e-01 -6.709561439371413138e-01 7.756333662689933739e-01
6.925933675318289851e-01 -6.358757076016394727e-01 7.454629862765782544e-01
7.223052504517768480e-01 -6.323050333111603916e-01 7.475591832701420358e-01
7.663615235168996787e-01 -5.332522878363648022e-01 7.385774839184150453e-01
8.953784621449047965e-01 -4.573181166344833515e-01 7.037048011647700774e-01
9.699197786046654945e-01 -3.765242755512666628e-01 6.521964779425657444e-01
1.078782213269672274e+00 -2.185390183884918236e-01 6.235002936112271632e-01
1.232219702366698533e+00 -1.012709273803426846e-01 5.725357506989957601e-01
1.335992916362600758e+00 7.173953486704978677e-02 5.469019451457048930e-01
1.429866833263409021e+00 2.296936571974195207e-01 5.109621045436044673e-01
1.505408408593863712e+00 2.792738613695536221e-01 4.977372909140408974e-01
1.530651526631538806e+00 3.266056026652278121e-01 4.908252224337834591e-01
1.609868797068773061e+00 3.507887110026676747e-01 4.443759754593532008e-01
1.598504862647956770e+00 3.938259702886541813e-01 4.700947850095704150e-01
1.610252368503744869e+00 4.111296001758454333e-01 4.676344946916526357e-01
1.597343518134315632e+00 4.149179081607867747e-01 4.551153309830835991e-01
1.628815347892847321e+00 3.954933732083148468e-01 4.619048036011201841e-01
1.599110609905472824e+00 4.388393653547101869e-01 4.699775732482224799e-01
1.610104108260100420e+00 3.859493132478190591e-01 4.853643090400122651e-01
1.626973394910836035e+00 3.923289755803981427e-01 4.608154359743820150e-01
1.613908411298674350e+00 4.081993741178701063e-01 4.535014925386895990e-01
1.629807780136971251e+00 4.030380529743923246e-01 4.425353433167185657e-01
1.687370139511638056e+00 3.426966310434909624e-01 3.714601976178467102e-01
1.712520145171279484e+00 3.021995520632707044e-01 3.403091251569141940e-01
1.789502341680069275e+00 2.151444455594534733e-01 2.635953761365996684e-01
1.909564688431101054e+00 8.941437278041360071e-02 1.540488750882068603e-01
2.023562468037307216e+00 -5.059001099816201608e-02 2.583430039350108690e-02
2.141911646425574300e+00 -1.995806893751722322e-01 -1.207899019573112631e-01
2.255215996593509242e+00 -3.135572636906658883e-01 -2.264469041835760477e-01
2.346848661919579637e+00 -4.279519667467446831e-01 -3.331054327945456861e-01
2.431952149258264750e+00 -5.208039066468015399e-01 -4.256951947042575957e-01
2.473144606570140791e+00 -5.584937101848249652e-01 -4.723941764920912001e-01
2.519622261200352042e+00 -5.818634620821943049e-01 -4.965670258940328430e-01
2.556749562790851193e+00 -6.127411931905302200e-01 -5.222512341302117944e-01
2.564877631634121968e+00 -6.257957620253773445e-01 -5.595828092306535106e-01
2.541017441911166408e+00 -6.291683484444783314e-01 -5.388053772279420839e-01
2.564341353574593807e+00 -6.319909519075939119e-01 -5.339248225673940418e-01
2.542403592903147658e+00 -6.450280239425013606e-01 -5.460659354752295247e-01
2.541948779629165323e+00 -6.185469160908556585e-01 -5.399147039434504247e-01
2.546138732247014591e+00 -6.339639425928418337e-01 -5.496218362152708314e-01
2.544524388536080206e+00 -6.333271215577119806e-01 -5.608401775319820093e-01
2.548196230919585137e+00 -6.158188213624353757e-01 -5.316499277950735847e-01
2.565313789226287167e+00 -6.341292533122387942e-01 -5.474040115577115673e-01
2.521066420970435207e+00 -6.405050421882845235e-01 -5.361373571838803365e-01
2.589470077529623993e+00 -6.193564565198922400e-01 -5.377961098011224683e-01
2.561420747345291460e+00 -6.201281306582575592e-01 -5.482065092433426878e-01
2.562741312497077040e+00 -6.218513015084993212e-01 -5.389095507940313556e-01
2.549846499122201848e+00 -6.417318116105603654e-01 -5.483294898232115022e-01
2.589644755982328128e+00 -6.011393199819677902e-01 -5.522986944454251201e-01
2.544695333224025191e+00 -6.382274128645152311e-01 -5.367988489256831919e-01
2.543197857248762350e+00 -6.129227723143523265e-01 -5.535353806855131120e-01
2.559975052804461804e+00 -6.147475435806273314e-01 -5.480103014546637841e-01
2.548968461260742835e+00 -6.378747071290279402e-01 -5.347489617717253729e-01
2.569943800817795054e+00 -6.331712739827093372e-01 -5.457487926013644408e-01
2.540395624559988796e+00 -6.391188718212891251e-01 -5.109595164851091775e-01
2.546843465177869081e+00 -6.138176495894531737e-01 -5.448498511670036848e-01
2.564226202981356284e+00 -6.284554684230916344e-01 -5.550275117711558348e-01
2.528438982697052140e+00 -6.446769159959624407e-01 -5.503386079565599776e-01
2.559726619003610981e+00 -6.501641705710586860e-01 -5.449336963936292078e-01
2.549299436357507886e+00 -6.314868605206064300e-01 -5.550870342414290226e-01
2.538375666487380666e+00 -5.948968208613971687e-01 -5.376979817513620752e-01
2.550747882822993251e+00 -6.177150695941850955e-01 -5.400261478357776257e-01
2.558465895430137138e+00 -6.368434822078916646e-01 -5.303320422136901247e-01
2.549501926096287896e+00 -6.568017518613094019e-01 -5.560481647662732785e-01
2.564035566228000995e+00 -6.014496270404049438e-01 -5.669949309881164856e-01
2.527083317026453280e+00 -6.387767809290542109e-01 -5.565112026191062489e-01
2.531278047124819963e+00 -6.290663670998030144e-01 -5.405499113248476428e-01
-1.955084834228411339e-01 -2.547260716881137310e-01 3.009250084434215988e-02
-2.146011296550006386e-01 -2.208646916676237637e-01 3.151515352047663115e-02
-2.383715702653841917e-01 -2.491292066815921358e-01 3.917791507794581018e-02
-1.892795817363395472e-01 -2.569417676238698878e-01 7.808744268377689271e-03
-2.203243305661991558e-01 -2.456051344540925163e-01 3.859466486468524082e-02
-1.978315513895062827e-01 -2.679574913357634647e-01 4.640856984259607472e-03
-1.854671094953805055e-01 -2.570361913541420740e-01 1.456956546927035134e-02
-1.793138418481321772e-01 -2.419649631102358533e-01 1.230101136655952811e-02
-1.859090228047444726e-01 -2.743234351000567450e-01 1.590109590970101988e-02
-2.237536352805460094e-01 -2.537506783740021699e-01 3.320131932341107567e-02
-1.935979945335207231e-01 -2.630606468883539550e-01 2.279430847478758695e-02
-1.894347467433201981e-01 -2.727854901709488855e-01 3.113222880853111496e-02
-1.914238230705453958e-01 -2.565913093943074652e-01 4.823687606121294241e-02
-1.503271008957778043e-01 -2.635038078906902781e-01 3.954292664132699753e-02
-1.142786679935459265e-01 -2.808461127708718474e-01 5.821001436618518377e-02
-1.148830933318965436e-01 -2.928657998463655154e-01 1.097616706523637936e-01
-2.110073389737962199e-02 -3.386616687402411729e-01 1.722688944791373189e-01
8.971378886203848491e-02 -3.920865136979754806e-01 2.216126025268907451e-01
1.855266380360561518e-01 -4.368269547403855757e-01 3.350087461443617132e-01
3.078879701687052273e-01 -4.977572641541587739e-01 4.380389229453767741e-01
4.008177277556294604e-01 -5.610313643490750790e-01 5.148219339481143741e-01
4.713128906640683957e-01 -5.722863343919615264e-01 6.115823867501800626e-01
5.718263753843566555e-01 -6.654753903490556732e-01 6.724993096583592456e-01
6.106715326489716711e-01 -6.525150711587851537e-01 7.054060221918355689e-01
6.500019713725636583e-01 -6.712634281056270025e-01 7.451072503731526186e-01
6.692707292423535348e-01 -6.697724983582650227e-01 7.324368151269560201e-01
6.631912053895812065e-01 -6.772199805578067444e-01 7.386206417688117032e-01
6.702954353426818779e-01 -7.068927479226032595e-01 7.914897350190119862e-01
6.903948477954199303e-01 -7.022366960948986936e-01 7.541047038854864493e-01
6.888630032945927129e-01 -6.811521174702450665e-01 7.456578488781482328e-01
6.647619216105962181e-01 -6.519574282382070152e-01 7.682507446821226216e-01
6.862104974780149913e-01 -7.170743445971011765e-01 7.713154936823759522e-01
6.695436881825699293e-01 -7.211346728511710547e-01 7.408107157914423091e-01
6.247442816270475374e-01 -7.046087955103459421e-01 7.856332127460495807e-01
6.071761055950840591e-01 -7.927073524920663639e-01 7.722226942609867750e-01
5.594082293619192514e-01 -7.979032201065793251e-01 7.913034546638616495e-01
4.529510391745281139e-01 -9.059636858098261136e-01 8.109474806145310355e-01
3.523901349055460486e-01 -1.035156036449942807e+00 8.530140940161621277e-01
2.556318549415884656e-01 -1.176013490159832697e+00 8.901082317442813308e-01
1.349072667539321924e-01 -1.320984919645682654e+00 9.106519614758302739e-01
3.118372978173328258e-02 -1.457769269560970304e+00 9.661588663985607450e-01
-7.683178634758931758e-02 -1.572258087362884638e+00 9.879173582483458116e-01
-1.373901755263466640e-01 -1.660493414479321528e+00 1.018775425504023113e+00
-1.954066730760257442e-01 -1.721887711531439491e+00 1.018465909596000030e+00
-2.421407124872123340e-01 -1.760452898277163003e+00 1.045853476624783784e+00
-2.559048810071103963e-01 -1.780031573627762986e+00 1.058930629744151863e+00
-2.465217555327627319e-01 -1.798292728522144612e+00 1.054385434350631812e+00
-2.515215679925174030e-01 -1.797489017296812319e+00 1.040704832194465634e+00
-2.775181317574217377e-01 -1.776213541122147133e+00 1.066803061982564138e+00
-2.847034558476788657e-01 -1.795039351174380959e+00 1.059485747128590116e+00
-2.444159042424968176e-01 -1.777050823940762525e+00 1.058254408659331958e+00
-2.809735614875817356e-01 -1.791458709774149893e+00 1.067461429761568770e+00
-2.689897293239414955e-01 -1.771773955094749997e+00 1.061873885588938027e+00
-2.997639794299392646e-01 -1.724499757989145232e+00 1.114599849405588650e+00
-3.378225148986254145e-01 -1.743482510992299561e+00 1.124474570847389110e+00
-3.779596338611569406e-01 -1.669734943156581553e+00 1.170107081651242220e+00
-4.276378701001838922e-01 -1.598169671797568636e+00 1.247278927111453717e+00
-5.394107130579585130e-01 -1.437928151865322191e+00 1.364900880605727229e+00
-6.381161382224233014e-01 -1.357422571868996952e+00 1.489698200255805016e+00
-7.695778656250872318e-01 -1.219657403753977132e+00 1.586521265255328217e+00
-9.003155099847606202e-01 -1.059879949702194013e+00 1.742297986899244089e+00
-1.007929060456586035e+00 -9.344235406742495975e-01 1.862177006943122937e+00
-1.078877128743191083e+00 -8.874350370790398124e-01 1.926136803543312848e+00
-1.148917756003556390e+00 -8.023550174037794580e-01 1.964597170818052074e+00
-1.174324365826252325e+00 -8.053365127862038841e-01 2.034703688889472950e+00
-1.169787397641656401e+00 -7.975866771400987876e-01 2.034691498759767292e+00
-1.208108009403726646e+00 -7.459458379500925052e-01 2.052407373829710835e+00
-1.207354651977080362e+00 -7.407590678971736065e-01 2.059322401592138085e+00
-1.162708155340771876e+00 -7.411253185307251634e-01 2.046341328796568604e+00
-1.211323616104144962e+00 -7.996162818847700748e-01 2.055228422068291039e+00
-1.183431649831095278e+00 -7.384697240213664582e-01 2.080338972379193407e+00
-1.186767690314678214e+00 -7.614619037276803004e-01 2.039678267205838669e+00
-1.194016906066774242e+00 -7.486323776993698553e-01 2.047725553475457705e+00
-1.182810332725522162e+00 -7.649997066695397585e-01 2.049728022000455674e+00
-1.194262117690382263e+00 -7.647309047143008298e-01 2.040781721762016332e+00
-1.177523269014995266e+00 -7.548209883566222578e-01 2.031857570356693454e+00
-1.204857552314035241e+00 -7.349596841322910690e-01 2.073871608114504994e+00
-1.183213092497638730e+00 -7.441898301184222131e-01 2.067698338080719012e+00
-1.202032657693585360e+00 -7.439963034265998365e-01 2.060494420903297375e+00
-1.169558222339937448e+00 -7.612321815093673338e-01 2.077262626030287773e+00
-1.196602641572898307e+00 -7.477284624064070018e-01 2.052207558321844427e+00
-1.193256160572475855e+00 -7.530795545655720735e-01 2.040360925113613444e+00
-1.181959695298498092e+00 -7.532881308908592199e-01 2.048080719945231998e+00
-1.210324826233600159e+00 -7.473262360039949481e-01 2.070704954278500765e+00
-1.199798830311886944e+00 -7.432200629745409071e-01 2.050011868442032092e+00
-1.216966517177722418e+00 -7.501521462554598951e-01 2.065410498404655293e+00
-1.219574149441106536e+00 -7.501719954360736020e-01 2.069266892781657763e+00
-1.184194783710591281e+00 -7.666041460214956249e-01 2.074673670320532626e+00
-1.201953978548640833e+00 -7.547941087659295611e-01 2.034721517127344725e+00
-1.207092183794754137e+00 -7.557292561337544123e-01 2.059172336050117291e+00
-1.192131036377665154e+00 -7.546820860220382343e-01 2.050292805214790626e+00
-1.194596170127321999e+00 -7.566874901472757653e-01 2.046481179981723297e+00
-1.172713825805188348e+00 -7.381797531329604700e-01 2.047180261731160300e+00
-1.196148206634292555e+00 -7.349021013549955628e-01 2.059196751836512185e+00
-1.195889509765458492e+00 -7.674604952542229963e-01 2.038495571617006341e+00
-1.183383560840401749e+00 -7.831520802412127447e-01 2.062594680240597445e+00
-1.193405915028466602e+00 -7.620940256935715418e-01 2.050291345510458108e+00
-1.211728224865617598e+00 -7.266547196268831055e-01 2.056661483468469775e+00
-1.178264137721438010e+00 -7.536051058432177152e-01 2.066412188564089369e+00
-1.638238188927413908e-01 -2.817900472456996153e-01 1.027812858765835176e-02
-1.977302749065720788e-01 -2.858586828887998421e-01 -1.564565215320488575e-02
-1.907197289105315163e-01 -2.496476759595260830e-01 3.883990819474195805e-02
-1.973418514344876251e-01 -2.354432158806156750e-01 4.022570850747585192e-02
-1.619635587753962269e-01 -2.575603277717550266e-01 1.518480726732891924e-02
-2.201605440867283880e-01 -2.477256186171134522e-01 3.768946964029262769e-02
-2.080099911175550265e-01 -2.582293686504420482e-01 1.991355159800753741e-02
-2.070968623272134990e-01 -2.504959479334795125e-01 -2.390044542472177010e-03
-2.224461942072963327e-01 -2.838286480874661066e-01 3.032399301247181572e-02
-1.903516996058651489e-01 -2.485335315555125546e-01 8.592257696899542260e-03
-2.369485396226720664e-01 -2.561914864700486349e-01 3.456270262147318612e-02
-1.699021406611656293e-01 -2.748793613762109400e-01 1.115701540435783297e-02
-1.896845120244168015e-01 -2.616044121683971935e-01 3.936268193314385738e-02
-1.643530064914308919e-01 -2.584583401318715223e-01 3.158751676085032323e-02
-1.190489093206024557e-01 -2.860580895880467933e-01 7.234359634533987782e-02
-7.155729746920114209e-02 -3.386924103970018196e-01 1.109352460179225952e-01
-4.876742377599045664e-02 -3.748315352922189647e-01 1.753072059632837798e-01
4.571955893744951427e-02 -3.927088089145899796e-01 2.471754829317293622e-01
1.885734163056446144e-01 -4.528652592536464572e-01 3.534689018507926050e-01
2.852762791925122499e-01 -5.166411419898473412e-01 4.404309434283079638e-01
3.838395154392690301e-01 -5.722491668904667872e-01 5.255950267043016932e-01
5.085748855496906584e-01 -6.214901851121430454e-01 6.207219557185291725e-01
5.793254373176938143e-01 -6.336904775529494938e-01 6.577017219963803285e-01
6.403100953226678049e-01 -6.484284061238850816e-01 6.869163811534084729e-01
6.743818526333276164e-01 -7.064195796931561633e-01 7.265626574461248044e-01
6.729815252376621926e-01 -6.552143609043727945e-01 7.485324508243075270e-01
6.789941695303154390e-01 -6.995205895124048112e-01 7.451137008301814690e-01
6.588568322019445755e-01 -6.682436326609876298e-01 7.806761206434366107e-01
6.766919134764980415e-01 -6.637140467392725895e-01 7.636017134527540717e-01
6.547043988711735985e-01 -6.867752911568547614e-01 7.565393957131429925e-01
6.678787377287352944e-01 -6.956421044138783039e-01 7.537014033069223684e-01
6.441954188903645795e-01 -6.987943129424381006e-01 7.906235203750956453e-01
6.790359321368690804e-01 -6.792030440627536692e-01 7.743661251449169836e-01
6.545289986524376324e-01 -7.361111725728182176e-01 7.896899425588230770e-01
6.123447537387445294e-01 -7.431294379448928344e-01 7.669409016254032929e-01
5.394986800641847768e-01 -8.212538396089703596e-01 8.113342101845901766e-01
4.737345045592907811e-01 -8.934508339750363293e-01 8.216758153768451978e-01
4.001735066426837517e-01 -1.013885056032302057e+00 8.357533482188208573e-01
2.509655164812486516e-01 -1.112258593171169707e+00 9.045253259783985200e-01
1.408936911245111945e-01 -1.288149778562670544e+00 9.161487037027314928e-01
6.506988136621987169e-03 -1.447227902646445630e+00 9.634727734600185833e-01
-8.076433122091689065e-02 -1.561294208018400465e+00 9.874422878467359332e-01
-1.350007056696168328e-01 -1.642602925738018138e+00 1.021219720974077649e+00
-1.919281947088489482e-01 -1.694375488764042093e+00 1.049078221914399478e+00
-2.372441859182144452e-01 -1.750901064159675169e+00 1.041867827068884145e+00
-2.416722966179080945e-01 -1.772871964723212734e+00 1.048548589847072332e+00
-2.467824208075693748e-01 -1.782477776445140716e+00 1.048103313995087937e+00
-2.786584754152076626e-01 -1.794068148588521261e+00 1.042923295134052353e+00
-2.719409100631337561e-01 -1.756774941452700967e+00 1.049736246185083433e+00
-2.480014488893747260e-01 -1.798405274166265944e+00 1.036588750350902366e+00
-2.924576769031823065e-01 -1.772424642288425778e+00 1.040967091448457227e+00
-2.492687227876034251e-01 -1.801332262684782082e+00 1.049030735706831807e+00
-2.623964358025958621e-01 -1.829835566707016081e+00 1.036509014028455189e+00
-2.378486983711339819e-01 -1.811981988636044649e+00 1.009466523609364508e+00
-1.938718871697366619e-01 -1.871008374215251902e+00 9.801027303533805801e-01
-1.593611897507986597e-01 -1.932070901935173834e+00 9.457483266773274444e-01
-7.588371393974546741e-02 -1.978135813337321913e+00 8.608377842805292612e-01
4.860593922712722059e-02 -2.103903637303996987e+00 7.422820520928952170e-01
1.559976553321540671e-01 -2.217271134470269356e+00 6.140402063260818055e-01
2.736473074797143856e-01 -2.383823472836709811e+00 4.823579381821205270e-01
3.714503564768207311e-01 -2.503284781159285988e+00 3.657720466714213248e-01
4.584495898171528361e-01 -2.643418018975518979e+00 2.506104037845234833e-01
5.696197209635892600e-01 -2.712973623250867661e+00 1.664789493673809462e-01
6.051270844420107986e-01 -2.759847123933382829e+00 1.117289321021500970e-01
6.438268207673101262e-01 -2.802900428318354287e+00 8.011997399287168475e-02
6.922981070280617155e-01 -2.835973204309061746e+00 4.936864857105327520e-02
6.951096841879670363e-01 -2.845792122845764105e+00 4.485078810964232554e-02
6.706483655203600014e-01 -2.825995231802862495e+00 5.121631520274034371e-02
6.754914137351769599e-01 -2.857807930034316879e+00 4.857165506259921578e-02
6.707985677078637243e-01 -2.813351143423211465e+00 4.489812203725189466e-02
6.763533178039745630e-01 -2.845757600844497581e+00 1.354926343346037239e-02
6.745211704921373341e-01 -2.831483819941509772e+00 4.094549392109606001e-02
6.943064418643467572e-01 -2.834520801200056894e+00 3.571623615690267678e-02
6.807680842909423768e-01 -2.837961607052512214e+00 3.787089288366398548e-02
6.987628648878385640e-01 -2.842170659644168929e+00 4.050958488250260003e-02
6.807118316917561973e-01 -2.839986741905713430e+00 2.853812578358654733e-02
6.803082700159799323e-01 -2.843555914234757509e+00 4.465567747352220535e-02
6.601778200687367093e-01 -2.823065548936344094e+00 4.917273460747703662e-02
6.811878805587247010e-01 -2.822205080994901749e+00 3.753236762199387705e-02
6.751609764346456766e-01 -2.799990152151937917e+00 5.469879768598936293e-02
6.981508742978490556e-01 -2.852231064560165841e+00 3.264632335464816987e-02
6.668822311326125796e-01 -2.834430101941440405e+00 6.686496933194592540e-02
6.807482716854771354e-01 -2.836692076457868694e+00 4.151556911283343920e-02
6.636581422343378334e-01 -2.834330885315285542e+00 6.627003889678520498e-02
6.689658160608876747e-01 -2.822509553535549554e+00 5.818576129459455265e-02
6.713826486062933752e-01 -2.823098415879015999e+00 5.084398608395557240e-02
6.706054068025153470e-01 -2.835784744842554161e+00 3.961295835814710592e-02
6.422964451607009462e-01 -2.823581497386421280e+00 5.791482863805966219e-02
6.728142849484270993e-01 -2.829027963423486280e+00 6.611932011562471345e-02
6.939771099374897334e-01 -2.863835840803770516e+00 6.021115749458227223e-02
6.740447625270987730e-01 -2.808207317333223596e+00 5.977849533305602120e-02
6.758371229778258327e-01 -2.824575785966530805e+00 5.665294857731966588e-02
6.701109548417685247e-01 -2.829349298706083982e+00 3.669375090702017145e-02
7.036899467725130641e-01 -2.824392931939105900e+00 3.225194959743127310e-02
6.727544322634618768e-01 -2.827121160156180757e+00 5.087253753507654797e-02
7.004863214231522583e-01 -2.827929621370187885e+00 3.089895133705205382e-02
6.762793774973983041e-01 -2.845766949263536016e+00 4.380936201747255565e-02
6.791209728422223924e-01 -2.851871327194844596e+00 6.063900173582419117e-02
6.970608448794575196e-01 -2.844698139550495775e+00 1.317652393970321009e-02
-1.819385756999767623e-01 -2.459344599929166320e-01 -2.623984592201509506e-04
-1.953029970174775809e-01 -2.518000597257114004e-01 3.594465470202683199e-02
-1.958934082055909520e-01 -2.376414830794443545e-01 2.346119596141842123e-02
-2.005529354578094170e-01 -2.361430913882000826e-01 1.593887885421437986e-02
-1.757012613732538142e-01 -2.555449283045680975e-01 2.413772685136117077e-02
-1.971047488263779346e-01 -2.618830990997418340e-01 2.315957899202952461e-02
-2.101624561110215228e-01 -2.561382368951883315e-01 1.747255082324394165e-02
-1.873991056283197953e-01 -2.694764686446549651e-01 1.246728201818060253e-02
-2.214711352228787566e-01 -2.377008142849436623e-01 1.475123214917441368e-02
-1.956869245994747042e-01 -2.855868646446376169e-01 5.851049250838303781e-03
-2.047442061022277104e-01 -2.403900238506362363e-01 2.037025354014257786e-02
-1.967857396273535453e-01 -2.193611439775826621e-01 3.744014390574551543e-02
-2.355083348504336815e-01 -2.180556092886412056e-01 1.737781020989877939e-02
-2.274262240864980411e-01 -2.372512341745550424e-01 -1.595437534018656275e-02
-2.645414612797090115e-01 -2.231759590763491008e-01 -4.834751636245951389e-02
-3.016440686503650270e-01 -2.321030011332209653e-01 -8.478488654983318273e-02
-3.849547494582757912e-01 -1.480056734426147824e-01 -1.264635187817571005e-01
-4.787664906943285836e-01 -1.285093826127098604e-01 -1.959535062589578269e-01
-5.975719279389855032e-01 -3.434569140989755104e-02 -2.713918785041925519e-01
-6.818918681044454644e-01 -6.542657730987461867e-03 -3.823029187748965829e-01
-7.758274186896765290e-01 3.865842110589678277e-02 -4.925622992629706265e-01
-9.010312160703274342e-01 7.087007863693789433e-02 -5.758020424551656413e-01
-9.488805364865182668e-01 1.425037524626942553e-01 -6.188349480235827427e-01
-1.003861202416833187e+00 1.503528137743803395e-01 -6.717935880591046072e-01
-1.054441487266443378e+00 1.488767201642321181e-01 -6.947780911086899325e-01
-1.068493672462151656e+00 1.717824585558835326e-01 -6.936425162757736684e-01
-1.025947499273030639e+00 2.033384544242859970e-01 -7.009024689062756108e-01
-1.034033843474901460e+00 1.572869400058746758e-01 -7.205940127685022123e-01
-1.043160736823491197e+00 1.845142320729203089e-01 -7.209668123679000562e-01
-1.088195997286746763e+00 1.548790128195836613e-01 -7.107968874102871260e-01
-1.073612833083983586e+00 1.874608108213851876e-01 -6.934981237246665708e-01
-1.071681930868299437e+00 2.010982811493244593e-01 -6.834583303585182179e-01
-1.064980970584074038e+00 1.556670893529753796e-01 -7.199013382997804245e-01
-1.122722256851723222e+00 1.506578671438340289e-01 -7.172841619451972850e-01
-1.129191874464089196e+00 1.105254566139050043e-01 -7.160755770599133152e-01
-1.169384249775394125e+00 4.449425723631814794e-02 -6.839351099690995639e-01
-1.259229679217829023e+00 -5.929223209234573549e-02 -6.683762989335898519e-01
-1.368007596985633567e+00 -1.737579388848172202e-01 -6.427067228209297767e-01
-1.444580741069243945e+00 -3.293066982942677301e-01 -5.986966079788972328e-01
-1.591228271313215537e+00 -4.395924832493521284e-01 -5.235383579982286761e-01
-1.734518184367922045e+00 -5.593637475376515011e-01 -5.125988196453356016e-01
-1.819520057469533381e+00 -7.098748004056198990e-01 -4.819854549302255986e-01
-1.881404430863509836e+00 -7.877965565669180492e-01 -4.847525588526910845e-01
-1.916725288423111184e+00 -8.315817551383688500e-01 -4.652799598645818713e-01
-1.979995896640765807e+00 -8.885408055702458396e-01 -4.346610144314178026e-01
-1.995027387007017206e+00 -8.852923435234079097e-01 -4.317951836640550600e-01
-2.022681834681061552e+00 -8.990585965155493131e-01 -4.228980864128427664e-01
-1.980190938867611772e+00 -8.907082577903474574e-01 -3.991342716096342169e-01
-2.010394533676940654e+00 -9.284329780496800577e-01 -4.085297589740444768e-01
-1.982701789495633582e+00 -9.160887080424570117e-01 -4.197906343285294217e-01
-2.010984851314819188e+00 -9.448029994998375924e-01 -4.428854568800018598e-01
-2.004285739357103413e+00 -9.250880053165001504e-01 -4.390822233534424357e-01
-1.990201720912000649e+00 -9.266455837001879026e-01 -4.349896599873737113e-01
-1.973823270667959040e+00 -9.802405915777384626e-01 -4.450878647835124213e-01
-1.930059423736580015e+00 -9.740641642466814076e-01 -4.806893017246521294e-01
-1.890557036278823988e+00 -1.036171219618296835e+00 -5.620631273273436479e-01
-1.820576625056243847e+00 -1.126908935818909274e+00 -6.082696704602724713e-01
-1.717399351333716684e+00 -1.230890645542584316e+00 -7.348500249587186506e-01
-1.590067197849726277e+00 -1.366480774691061439e+00 -8.668800161152194761e-01
-1.475795386727967173e+00 -1.517637577358365464e+00 -9.996147611192589544e-01
-1.375932820703800630e+00 -1.626237250622926567e+00 -1.106854011213562305e+00
-1.251692706419431644e+00 -1.762380601339714525e+00 -1.236471815767297144e+00
-1.189631398207123159e+00 -1.844927401808356571e+00 -1.307052049940331084e+00
-1.115095474751500282e+00 -1.892998879954472136e+00 -1.365403556285474274e+00
-1.088145213505317122e+00 -1.918074701238766222e+00 -1.408477142035160945e+00
-1.082425147672997801e+00 -1.935845618087980613e+00 -1.405511518059064047e+00
-1.077828907042458484e+00 -1.948595729930027831e+00 -1.432712908045126632e+00
-1.075966355537981256e+00 -1.966526677180893801e+00 -1.431763972437832599e+00
-1.045913794704952382e+00 -1.955390063319930594e+00 -1.442149553838856235e+00
-1.056755310968892525e+00 -1.949468986673469573e+00 -1.421612181484135817e+00
-1.049333034986501545e+00 -1.973561929886709532e+00 -1.453438312169431201e+00
-1.087315174996465794e+00 -1.936721433339412490e+00 -1.423595844821748058e+00
-1.052871217545783944e+00 -1.987980234702978466e+00 -1.456069068709862746e+00
-1.045330249928573041e+00 -1.959511028795447585e+00 -1.419142090556066771e+00
-1.049287575926151517e+00 -1.962900589526420880e+00 -1.436272522313476907e+00
-1.085571238640953950e+00 -1.985585685834844849e+00 -1.406376284199576387e+00
-1.067625476179034472e+00 -1.956056887806091771e+00 -1.423333109233529958e+00
-1.093914187540074856e+00 -1.968931228514561260e+00 -1.421435308530954789e+00
-1.066278818069054335e+00 -1.949034682573765442e+00 -1.447574045905156703e+00
-1.059744704358727363e+00 -1.955215062605733856e+00 -1.419034213894564855e+00
-1.061288283992316117e+00 -1.981815208793341831e+00 -1.421131947499986392e+00
-1.044025063810050780e+00 -1.953961484767427592e+00 -1.443352477942380974e+00
-1.076678526861317264e+00 -1.938657252575566536e+00 -1.428137192190541249e+00
-1.054472087150132298e+00 -1.934407657522829949e+00 -1.403052704555563635e+00
-1.058676342024230443e+00 -1.938673662978436463e+00 -1.426021847795904796e+00
-1.069194240589376177e+00 -1.990593239773860379e+00 -1.409557113993594069e+00
-1.066457999474239360e+00 -1.935687856022234810e+00 -1.434098568980135768e+00
-1.070067036246947989e+00 -1.948674768054154294e+00 -1.441884551466620090e+00
-1.072804591622548376e+00 -1.955509780776246709e+00 -1.437684911578739122e+00
-1.068596753271471966e+00 -1.930170567388450165e+00 -1.434161034193631501e+00
-1.076805764739811266e+00 -1.961927303134755052e+00 -1.429254956586290204e+00
-1.057226517721375547e+00 -1.974443664108779917e+00 -1.442490306358691354e+00
-1.063684757705755546e+00 -1.968873889845616176e+00 -1.451977024131693828e+00
-1.085956524597605055e+00 -1.970291455708510719e+00 -1.430916073131311750e+00
-1.057611643022279946e+00 -1.978056743181623389e+00 -1.433758138556710859e+00
-1.084450564434024100e+00 -1.947841244731880250e+00 -1.421254756327951396e+00
-1.083713858407957753e+00 -1.951571243655695342e+00 -1.406888348052131477e+00
-1.075559818111581301e+00 -1.971754904956176668e+00 -1.448834707277934397e+00
-1.061662992221415136e+00 -1.937658680719109405e+00 -1.409239016931586708e+00
-2.074023307442763864e-01 -2.597163076032830142e-01 2.170514448856024695e-02
-2.062969311336351752e-01 -2.291751278921673740e-01 2.029169298244000788e-02
-2.039038916583251482e-01 -2.425912107962844011e-01 2.342784229318679856e-02
-2.248717830042711030e-01 -2.698020054221235142e-01 1.781221165343489440e-02
-1.790101497825064836e-01 -2.866119536522064304e-01 1.658096804722920814e-02
-1.916588254629848498e-01 -3.001836980356755724e-01 1.713467845085843780e-02
-1.882613944691074459e-01 -2.466186406618565696e-01 1.562272190542750815e-02
-1.614973808471908689e-01 -2.419112765665528963e-01 1.126875792096794504e-02
-2.087659846865298485e-01 -2.446350485657005636e-01 1.888800227283159508e-02
-2.030372607440373567e-01 -2.594645002793711241e-01 2.801173613896286441e-02
-2.201273941523582411e-01 -2.453708686121796878e-01 2.444841935940055347e-02
-2.261570039439203816e-01 -2.490770291785575352e-01 3.245606972257328304e-02
-1.878179801012987427e-01 -2.593600323137684183e-01 -4.349789121023183401e-03
-2.061375518264091933e-01 -2.561413376900006367e-01 -5.579439065951311526e-03
-2.511032545450910813e-01 -2.439800294459051611e-01 -9.806815328969098466e-03
-3.007091276205365871e-01 -2.090304540916707032e-01 -6.621439981604279601e-02
-3.680585295092220210e-01 -1.612530179032619360e-01 -1.379879791610998940e-01
-4.615340961347032533e-01 -9.002633349512143002e-02 -1.782703317644726559e-01
-5.627009331898146227e-01 -7.416878020331421628e-02 -2.949829586795212344e-01
-6.829344034625698390e-01 -2.190050245303079568e-02 -4.040712507817504351e-01
-8.108891574696360793e-01 8.575946112437328461e-02 -4.801855479172022489e-01
-8.930241811754566772e-01 1.082896268441093518e-01 -5.785101945381224686e-01
-9.881916927004168461e-01 1.388913939353614568e-01 -6.294220806865002960e-01
-1.011346468350620809e+00 1.234135510069513386e-01 -6.738007134839293366e-01
-1.018067991045845000e+00 1.790460294061180513e-01 -6.982636480963076986e-01
-1.043956087440530700e+00 1.811268891051004137e-01 -6.940076795267383636e-01
-1.060601078134864705e+00 1.542270329970789056e-01 -7.110060643164947125e-01
-1.052159971153942442e+00 1.753555740119629724e-01 -7.142028062967558100e-01
-1.041336125850629957e+00 1.724332718739002290e-01 -7.239949756995462948e-01
-1.058077903399236686e+00 1.699407545299562172e-01 -6.988371189713296072e-01
-1.045142065977133106e+00 1.931617468687900907e-01 -7.257663629518411597e-01
-1.093305061527618971e+00 1.510445927410719313e-01 -7.198068243149715606e-01
-1.109563776796299805e+00 1.546728007310251840e-01 -7.015815498467714573e-01
-1.107538068764486905e+00 1.440654232695920134e-01 -7.117312914880460362e-01
-1.124429158344343760e+00 1.044121564200560098e-01 -7.108525840664354778e-01
-1.186851395488095040e+00 4.049486176235679580e-02 -6.839173722528060217e-01
-1.270486343650378380e+00 -3.394459225780168538e-02 -6.650747941905115201e-01
-1.354343810169519546e+00 -1.706394480361353161e-01 -6.350935872384343428e-01
-1.470721298385301301e+00 -2.905127421367548757e-01 -5.966179640314084320e-01
-1.602470287382275149e+00 -4.189626421452371519e-01 -5.340550606809807421e-01
-1.715349157663765167e+00 -5.773054244541623303e-01 -5.111967452109169585e-01
-1.833263089742128038e+00 -6.957731506650439712e-01 -4.732131172310021783e-01
-1.899234418802348001e+00 -7.865360960290093129e-01 -4.687938871787080686e-01
-1.945438694512285460e+00 -8.668309818664270416e-01 -4.287476120785743694e-01
-2.012449712417307524e+00 -8.949311784627055344e-01 -4.401597484029868279e-01
-1.943551646835953273e+00 -8.826680149842591749e-01 -4.454527519488531428e-01
-2.005919023678740309e+00 -8.874773349696256641e-01 -3.994576141762473109e-01
-2.026243804009343563e+00 -8.972900081210084533e-01 -4.259537664226118459e-01
-1.991698429447108287e+00 -9.190693915245579104e-01 -4.247716573337907420e-01
-1.992281785604666178e+00 -9.141245499480398218e-01 -4.371535262167319802e-01
-2.011111141986408501e+00 -9.252489455943485597e-01 -4.257682371322229486e-01
-2.033572126765776034e+00 -8.796903714553536702e-01 -4.061828784023287509e-01
-2.031023736488038356e+00 -8.955973322105854617e-01 -4.005480524586775837e-01
-2.037917786628004713e+00 -8.824763153238809332e-01 -3.993538569047120346e-01
-2.070931986862574181e+00 -8.613242534978539089e-01 -3.493490704720503270e-01
-2.098669933657316911e+00 -8.011173460747708086e-01 -2.951009770463392523e-01
-2.183138428166377931e+00 -6.970332277800952436e-01 -2.286481694617118199e-01
-2.265871055879149498e+00 -5.943319707693233145e-01 -1.343229173014897360e-01
-2.396916185936662114e+00 -4.635013293420870983e-01 1.842349779066712601e-02
-2.553031187582316619e+00 -3.259700544015574630e-01 1.664615593805238991e-01
-2.660446380081833873e+00 -2.161382346549951539e-01 2.634410009808524911e-01
-2.741808822961844250e+00 -7.025263638627206320e-02 3.770133324080739423e-01
-2.823865256081198538e+00 3.713994284342995306e-03 4.622651762603792180e-01
-2.859534373162643917e+00 3.351564560776536944e-02 4.863758975539285156e-01
-2.918727881885120556e+00 9.404434472453027105e-02 5.589179039129084092e-01
-2.956658811952150412e+00 1.173581698963867270e-01 5.758117858454586679e-01
-2.940213378792414733e+00 1.175602732978937026e-01 5.863459893300682069e-01
-2.926758638202378471e+00 1.095690463031738920e-01 5.735122697211626486e-01
-2.931504452370938374e+00 1.104207032686939649e-01 5.987488939985636804e-01
-2.925713030408788828e+00 1.347380752943155013e-01 5.787896135737737868e-01
-2.916846400135030493e+00 1.053037885718261096e-01 5.633955293659598240e-01
-2.964392100107184902e+00 1.178441355585238409e-01 5.761610162878243457e-01
-2.936247209769393240e+00 9.966800607413199564e-02 5.859722142770433795e-01
-2.963969981880150595e+00 1.137896077535778677e-01 5.589134163045198500e-01
-2.931496572295420044e+00 1.237550659897398153e-01 6.109558645452826120e-01
-2.946020105911530074e+00 1.281802516302385508e-01 5.655535921744568872e-01
-2.954494110886298319e+00 1.244254428560331582e-01 5.961562196853856799e-01
-2.946650584809225037e+00 1.123201089785647311e-01 5.679761244422776301e-01
-2.948369236105598645e+00 1.161444222970627327e-01 5.799510979367462626e-01
-2.962552572420999120e+00 1.030741491335369353e-01 5.875955901351326283e-01
-2.934685211083214007e+00 1.297741110302313705e-01 5.783508561173830165e-01
-2.920814213563453166e+00 1.052473822311815049e-01 6.031744820264566265e-01
-2.945850954300563540e+00 1.438207386978596070e-01 5.871023957261882753e-01
-2.960054255949981616e+00 1.266991877499884789e-01 5.940724073706515895e-01
-2.935520936218618537e+00 1.088838273062899126e-01 5.812518280480201138e-01
-2.940751711937001023e+00 1.177543226948749161e-01 5.644829929504840971e-01
-2.946584310638857396e+00 1.123028441898700075e-01 5.797220143151960992e-01
-2.917873739407638833e+00 1.280078637811260800e-01 5.981344195901561189e-01
-2.945639349074757440e+00 1.337780671047678338e-01 5.994633655173826625e-01
-2.946300319191335504e+00 1.332052954239600073e-01 5.972271842857679314e-01
-2.941587081850187690e+00 1.309372271292801870e-01 5.795603963395770108e-01
-2.931959890668192958e+00 1.061421321829681824e-01 5.984815159827752140e-01
-2.915383351175758531e+00 1.195507207656939380e-01 5.914956713509371689e-01
-2.952512291609558748e+00 1.267048443430134341e-01 5.723426519079701791e-01
-2.978007618031033754e+00 1.426113553581206950e-01 5.922895108780305007e-01
-2.955116143579519683e+00 1.111157407975228717e-01 5.734766860389197696e-01
-2.965578057270307877e+00 9.611886601099159377e-02 5.968370333169888964e-01
-2.945459897143350325e+00 9.250041038305166496e-02 5.920457607523722521e-01
-2.927919319200509296e+00 7.633583690808856681e-02 5.883360374782514723e-01
-1.857919206380804766e-01 -2.738283242038394016e-01 8.999061890119928325e-03
-1.922824665377677045e-01 -2.296185555689072844e-01 2.821784176747366840e-02
-1.767763778564784005e-01 -2.431795918364332287e-01 3.299411334021656178e-02
-1.832763355429607166e-01 -2.693369662180035151e-01 1.124524012830429957e-02
-2.029206876444219765e-01 -2.497077919512170618e-01 3.057267263391171691e-02
-1.933454887052216409e-01 -2.414482824508989434e-01 8.952368338940135117e-03
-2.037844558361096847e-01 -2.334410791180528411e-01 4.667572429283697172e-02
-1.805281530339269414e-01 -2.460716968904006485e-01 2.215085462713443226e-02
-1.931930217938183370e-01 -2.408855753248788367e-01 3.932544676561273989e-02
-2.039783000872199270e-01 -2.463509428397645806e-01 2.970751856932701829e-02
-1.964964669294193833e-01 -2.309878852181552200e-01 1.173040491884521849e-02
-2.236234293813953167e-01 -2.364384055378973559e-01 1.080268690761742624e-02
-1.827844116176230715e-01 -2.919045569508596505e-01 -1.948144723140551177e-02
-2.241810318142707648e-01 -2.359090160658815771e-01 -3.182631011659789021e-03
-2.460684407221592485e-01 -2.253582918844652672e-01 -4.304582215254103283e-02
-2.850752182264918444e-01 -1.934381014945167621e-01 -9.131121228067837214e-02
-3.835437982991455330e-01 -1.642742722302439617e-01 -1.280723096477491274e-01
-4.637617882673038538e-01 -1.084034649272803963e-01 -2.047373609784735593e-01
-5.436001527238155662e-01 -5.928635924310703131e-02 -3.239713124906385411e-01
-6.728409753859551090e-01 -1.077924161286868132e-02 -4.082249748767629582e-01
-7.712753241374027402e-01 2.269299930545459407e-02 -4.995649588145016362e-01
-8.650306166631319682e-01 7.755413376108745427e-02 -5.716215709277726598e-01
-9.751787843184482885e-01 1.377491565521686001e-01 -6.210132354347845940e-01
-1.007995828143988470e+00 1.268795472871809826e-01 -6.534402802254534182e-01
-1.036785247157403056e+00 1.657262370175541510e-01 -6.703389603623346460e-01
-1.053953857518912685e+00 1.957398037018541759e-01 -6.804123583907371042e-01
-1.064989206571969493e+00 1.713041766838004076e-01 -7.071697396678437997e-01
-1.079891391423665414e+00 1.640951829607794898e-01 -7.198505508396424446e-01
-1.088166012209733191e+00 1.776388476803451022e-01 -7.081598144649671189e-01
-1.054531998550912508e+00 2.034962425894872307e-01 -7.386738705511276537e-01
-1.065328387909415975e+00 1.990058641584890042e-01 -7.045781729877222954e-01
-1.055622201793567472e+00 1.863910583147768696e-01 -7.031897947598292342e-01
-1.073413016427590350e+00 1.870568499960406361e-01 -7.074223413798843563e-01
-1.039224682049086246e+00 2.164852432649303215e-01 -7.344621882142967628e-01
-9.909026782371871400e-01 2.439247985161492327e-01 -7.391364816561881712e-01
-9.570689217045201813e-01 3.176314655370686690e-01 -7.230729214871561839e-01
-8.571446713163567432e-01 3.885953814678757556e-01 -7.998089090205240392e-01
-7.964979621518476494e-01 5.149303159546126940e-01 -8.138638242084907937e-01
-6.447655750946348352e-01 6.581737244802005060e-01 -8.339724542440736244e-01
-5.519237896035086299e-01 8.199831807624339275e-01 -8.815103873727729855e-01
-4.028013525366729297e-01 9.410491155950286846e-01 -9.400415106381024843e-01
-3.025573220841638045e-01 1.051205034768520008e+00 -9.556681880280092356e-01
-2.349059800093578620e-01 1.159281458625122108e+00 -9.626040307618198844e-01
-1.941892725983614953e-01 1.215741802381364645e+00 -9.653405466342738217e-01
-1.505722078629598559e-01 1.226420763906453937e+00 -1.010813558272873003e+00
-1.523027533362476815e-01 1.285666228054351379e+00 -1.004430340681386591e+00
-1.320671588783662587e-01 1.279370205017570594e+00 -1.000890584521416216e+00
-1.363501614446384624e-01 1.273789546602419831e+00 -9.844412178945121106e-01
-1.400566983011609923e-01 1.272524164497148336e+00 -1.001486900246077116e+00
-1.211279808882818609e-01 1.298330947051831830e+00 -1.021058374611310882e+00
-1.559895895198623872e-01 1.259485707557329581e+00 -1.016877669117964178e+00
-1.226684002154290187e-01 1.268329124677769926e+00 -1.012807584940627281e+00
-1.602861421119348984e-01 1.316831978273432346e+00 -9.804914004439427844e-01
-1.629884216098042293e-01 1.325686751672161323e+00 -9.977473048994038862e-01
-2.085677767167609109e-01 1.353173309013000258e+00 -9.429295115180401643e-01
-2.788580823473765236e-01 1.387822619719691897e+00 -8.946623860582970655e-01
-3.212284122023457145e-01 1.481111856631851964e+00 -8.141482914209742239e-01
-4.253141869799200725e-01 1.627721769334247170e+00 -6.901548410771350950e-01
-5.629807116257583566e-01 1.766162434056238295e+00 -5.626076602196166121e-01
-6.647971435239439231e-01 1.884185633437615248e+00 -4.472314048360014893e-01
-7.894906081525646657e-01 2.018942485231547845e+00 -2.883357089437376120e-01
-8.663249993280821570e-01 2.128004959343477775e+00 -2.061951242590951694e-01
-9.397386682315573836e-01 2.213213424248398287e+00 -1.270486347411987627e-01
-1.036985503418621279e+00 2.238069492392282811e+00 -5.766054183868345173e-02
-1.071167168096896161e+00 2.302794621190287216e+00 -1.476497024383021002e-02
-1.052379225090948722e+00 2.311873385346353782e+00 2.160962693694343587e-02
-1.067048271216302080e+00 2.314538340962814633e+00 5.061999178348228733e-03
-1.066191991351694179e+00 2.316618874827828467e+00 -2.039259490136136402e-02
-1.079066600958494604e+00 2.334323106076813037e+00 6.244681833317047501e-03
-1.082409557035704628e+00 2.319466099208961296e+00 -4.829330684077339647e-03
-1.086567571424015277e+00 2.325913345264067011e+00 2.156791777595690532e-02
-1.106157715081685478e+00 2.343366981363957713e+00 2.567494875585161346e-02
-1.069437759822295941e+00 2.335365037976917524e+00 8.572108135478640617e-03
-1.067808263303754446e+00 2.299263857657306342e+00 3.363119440834082697e-03
-1.076848367128526940e+00 2.345942186148883390e+00 3.937494679341646021e-03
-1.071673459634718162e+00 2.333143813995513405e+00 3.023778229187169646e-03
-1.082930627582485483e+00 2.347334672967373415e+00 -9.719795521158119305e-04
-1.101731400323979981e+00 2.312978424284156009e+00 -9.853181175091912350e-05
-1.051145628503294072e+00 2.337771474697526219e+00 2.919790036110910501e-03
-1.056096742050865345e+00 2.315220306742315604e+00 -7.507064120867641341e-03
-1.073554337843882989e+00 2.307119232601289038e+00 -3.383570761744968125e-02
-1.065759693333539593e+00 2.320323482908702051e+00 -1.054774435627905960e-02
-1.054266901490367614e+00 2.309382434324086297e+00 -5.116990893701232890e-03
-1.048545398239380866e+00 2.325115271262860439e+00 1.035913395780901566e-02
-1.068640121351890127e+00 2.322739092815442330e+00 -2.459899508573425500e-02
-1.067349745642583558e+00 2.321122771451733957e+00 -6.453396477824752120e-03
-1.071564985847319296e+00 2.331040522559467920e+00 9.889578019251893913e-04
-1.078949423892805459e+00 2.329546083674880474e+00 -5.751864453979212491e-03
-1.069565235784385671e+00 2.312477121831219673e+00 4.658007628899042685e-03
-1.051111796559144995e+00 2.331822343072302406e+00 -2.300760704215728050e-02
-1.071529905464071231e+00 2.321457161612681119e+00 5.561107798459649122e-03
-1.092732343475781187e+00 2.307143301542932345e+00 -3.474392578584522499e-03
-1.072449144872404725e+00 2.337120626722899441e+00 1.013392403061350727e-02
-1.099975926869748433e+00 2.342051940163660362e+00 1.966701823200810162e-02
-1.082378584058314885e+00 2.295825400793006565e+00 -2.396714986952455835e-03
-1.063765011799809646e+00 2.345496203161073101e+00 1.800136926038644822e-02
-1.104186837015363132e+00 2.310014108301830404e+00 6.738490288318485164e-03
-1.096820128074201151e+00 2.310294621319283870e+00 -7.008098207894651079e-03
-1.046134038411546729e+00 2.299547061875142795e+00 1.628713319248491220e-02
-1.935089915307201536e-01 -2.262701678301900776e-01 3.535183468951166863e-02
-1.797922224570490668e-01 -2.647389738802774506e-01 3.117885616891348174e-02
-1.764360069830195332e-01 -2.437286941285369546e-01 1.827086681179721298e-02
-1.582756793387800343e-01 -2.591587102661951358e-01 3.078891449219757579e-03
-2.093698454203065107e-01 -2.336424077183746062e-01 3.212895147409103314e-02
-2.416373493631359393e-01 -2.356251908053541566e-01 3.849412032886252027e-02
-1.938722045270336036e-01 -2.671854607598458387e-01 2.648151321815902029e-02
-2.011386972111812999e-01 -2.679330577432074700e-01 2.266657091918504105e-02
-1.998227482682696787e-01 -2.656493489047463963e-01 2.996105812536933172e-02
-1.799747218013310612e-01 -2.704325445358392588e-01 1.024370800509224848e-02
-2.539393642881204727e-01 -2.353710392364340709e-01 3.777367459398436184e-02
-2.061280105401359919e-01 -2.619639905219257048e-01 5.851241418641375119e-03
-1.987137489600620532e-01 -2.434023685830089823e-01 -1.872849746687520536e-02
-2.350265905116674381e-01 -2.246223799808594046e-01 -9.963356310069840932e-03
-2.991969860099356060e-01 -2.401263607677519285e-01 -2.283067344761085388e-02
-2.947795555705099435e-01 -2.061551855997813265e-01 -7.286802505331821389e-02
-3.715182619661637764e-01 -1.747322533549309220e-01 -1.140351327923538605e-01
-5.032217779208403297e-01 -1.257923967579980540e-01 -2.004040350686022987e-01
-5.511742897011653319e-01 -6.558066135983675604e-02 -3.015955796223838692e-01
-6.601680997595962275e-01 -2.852743193616020384e-02 -4.013045877320042809e-01
-8.009711577077431865e-01 5.635865905874330728e-02 -4.815337770192199551e-01
-8.857529866292950249e-01 1.069448384128244278e-01 -5.611298631847922991e-01
-9.516926631491959832e-01 1.461543869324132272e-01 -6.147602417744044700e-01
-1.020955658686659273e+00 1.480174300970423240e-01 -6.800328452993545936e-01
-1.013657630984102553e+00 1.530411022590496550e-01 -7.086375090735936855e-01
-1.048787840096305990e+00 1.742182496447154394e-01 -7.271058893002825263e-01
-1.066081554157066069e+00 1.931382152199236091e-01 -7.031682765214910535e-01
-1.054250425350755416e+00 1.882459544790016093e-01 -7.114188098140009631e-01
-1.055269088737331717e+00 1.808087130142579102e-01 -7.154715948611616305e-01
-1.060988037514344562e+00 1.840735492095597892e-01 -7.249954682752469681e-01
-1.029768182218764316e+00 1.717248943832124231e-01 -7.415217678582344263e-01
-1.069473935171158852e+00 1.524283353327489099e-01 -7.135734613871940191e-01
-1.097352473180203125e+00 1.826610589961461528e-01 -7.146533846157017145e-01
-1.094855381429049368e+00 1.365620192761866913e-01 -7.196628440877407273e-01
-1.135528174602639329e+00 1.193580178621447552e-01 -6.865216632933967000e-01
-1.177825306430245744e+00 8.012007658352161832e-02 -6.823083886566625456e-01
-1.240744937600607445e+00 -2.299836566122250361e-02 -6.717986022417424818e-01
-1.341459391373019283e+00 -1.602210797566844536e-01 -6.359275030758025915e-01
-1.467716903681891338e+00 -3.092698952800895795e-01 -5.791233464202674153e-01
-1.610922496547025684e+00 -4.738588248262825542e-01 -5.621467898946059805e-01
-1.729266397268196309e+00 -5.524697319758024028e-01 -4.927665544780261420e-01
-1.822785784484604044e+00 -6.981143792504669321e-01 -4.802789153247594145e-01
-1.914624368097420648e+00 -7.690975085605872286e-01 -4.338425681997752914e-01
-1.905356676949597317e+00 -8.528412826156116511e-01 -4.227738547719879780e-01
-2.006600387060650359e+00 -9.066944805274833596e-01 -4.274812541535207289e-01
-1.988070799797623023e+00 -9.098556655827373385e-01 -4.198366153984512961e-01
-2.024068546110922018e+00 -9.042199074212019516e-01 -3.780252378869796148e-01
-1.992092078501053631e+00 -9.027307214580183592e-01 -4.209215068362115453e-01
-1.995811704030570066e+00 -9.328040452031930441e-01 -4.408050563020955992e-01
-2.021682534804070563e+00 -9.324267667117391856e-01 -4.370824446884486458e-01
-2.003870544283942401e+00 -9.113690298026835279e-01 -4.290911754048973292e-01
-1.987433832358973085e+00 -9.417409859241575587e-01 -4.170181215682078890e-01
-2.014282286573765735e+00 -9.264578726884863391e-01 -4.189574963644026595e-01
-2.019362971103857429e+00 -8.626981721942612591e-01 -3.883753289319638591e-01
-2.084820518488201824e+00 -8.484556162320533446e-01 -3.590536480094445038e-01
-2.138032544428305481e+00 -8.080060777731242760e-01 -2.961446220481314118e-01
-2.202340038394172694e+00 -7.297575033333065786e-01 -2.174254469785009969e-01
-2.288747917063617354e+00 -6.229295223648285695e-01 -1.107506756647490126e-01
-2.388259188064884686e+00 -4.708784842103497237e-01 -2.161242043726440722e-03
-2.533602749863494985e+00 -3.263492578044198122e-01 1.673692156022387467e-01
-2.652707563047365991e+00 -2.006938279268540848e-01 2.974719347271502778e-01
-2.775017457960379019e+00 -7.743523135934618495e-02 3.853832191481584291e-01
-2.842171073659950142e+00 -7.418936739950767432e-04 4.646146426850047972e-01
-2.892215372118298156e+00 5.996426829812814829e-02 5.159058931076330179e-01
-2.913552960423503091e+00 5.104750398564704417e-02 5.207804594715184088e-01
-2.939092422622489487e+00 8.614126669892442634e-02 5.731736359739382225e-01
-2.972850004288029702e+00 1.446938147702002131e-01 5.961881464384121143e-01
-2.962101312509309636e+00 1.150687160296474248e-01 6.010859411848346046e-01
-2.922394847861791156e+00 1.138750541038252018e-01 5.797049793055435440e-01
-2.917686955947023097e+00 1.197957847270542525e-01 5.628100567813812960e-01
-2.964916924684091182e+00 1.084692026141187149e-01 5.874828985462666742e-01
