7.118479013442993164e-01 -4.543253481388092041e-01 -8.228434324264526367e-01
6.528586149215698242e-01 -4.672546684741973877e-01 -8.030197620391845703e-01
5.899944305419921875e-01 -5.004774928092956543e-01 -8.029981851577758789e-01
4.807972013950347900e-01 -5.582270026206970215e-01 -8.024587631225585938e-01
3.146952390670776367e-01 -5.996262431144714355e-01 -7.539423108100891113e-01
3.590364754199981689e-02 -7.243191599845886230e-01 -7.245178222656250000e-01
-2.650588750839233398e-03 -7.252075672149658203e-01 -7.078683376312255859e-01
-3.038997948169708252e-02 -7.303581237792968750e-01 -7.005592584609985352e-01
-4.335406422615051270e-02 -7.370140552520751953e-01 -7.015112638473510742e-01
-6.174942851066589355e-02 -7.366806864738464355e-01 -6.928799152374267578e-01
-6.413608789443969727e-02 -7.388519644737243652e-01 -6.940081715583801270e-01
-5.628725886344909668e-02 -7.367931008338928223e-01 -6.955035924911499023e-01
-7.872176170349121094e-02 -7.405803203582763672e-01 -6.890285015106201172e-01
-6.172227859497070312e-02 -7.356466054916381836e-01 -6.917340755462646484e-01
-6.186857819557189941e-02 -7.359525561332702637e-01 -6.919161081314086914e-01
-5.681383609771728516e-02 -7.363159656524658203e-01 -6.946831941604614258e-01
-6.272920966148376465e-02 -7.422706484794616699e-01 -6.979274153709411621e-01
-7.020786404609680176e-02 -7.411183118820190430e-01 -6.935372352600097656e-01
-6.890308856964111328e-02 -7.380626201629638672e-01 -6.909759044647216797e-01
-7.216000556945800781e-02 -7.427470684051513672e-01 -6.942197084426879883e-01
-6.564390659332275391e-02 -7.366859912872314453e-01 -6.909202337265014648e-01
-6.130641698837280273e-02 -7.409058809280395508e-01 -6.972376108169555664e-01
-6.242519617080688477e-02 -7.355069518089294434e-01 -6.913592815399169922e-01
-6.408661603927612305e-02 -7.385109663009643555e-01 -6.935104727745056152e-01
-5.733352899551391602e-02 -7.384500503540039062e-01 -6.965099573135375977e-01
-7.608070969581604004e-02 -7.411072850227355957e-01 -6.907572746276855469e-01
-5.373001098632812500e-02 -7.358994483947753906e-01 -6.956493854522705078e-01
-6.441655755043029785e-02 -7.419364452362060547e-01 -6.969233751296997070e-01
-5.999571084976196289e-02 -7.375340461730957031e-01 -6.944926381111145020e-01
-7.255664467811584473e-02 -7.388134002685546875e-01 -6.900606155395507812e-01
-7.624760270118713379e-02 -7.415070533752441406e-01 -6.910662651062011719e-01
-5.371502041816711426e-02 -7.349749803543090820e-01 -6.946917772293090820e-01
-5.825161933898925781e-02 -7.366195917129516602e-01 -6.943347454071044922e-01
-7.442575693130493164e-02 -7.418249249458312988e-01 -6.922693252563476562e-01
-5.710050463676452637e-02 -7.314963340759277344e-01 -6.897183656692504883e-01
-5.886152386665344238e-02 -7.332167625427246094e-01 -6.905475854873657227e-01
-6.653878092765808105e-02 -7.419284582138061523e-01 -6.960225105285644531e-01
-8.038955926895141602e-02 -7.405971288681030273e-01 -6.882883310317993164e-01
-6.178274750709533691e-02 -7.350232601165771484e-01 -6.910075545310974121e-01
-6.893870234489440918e-02 -7.394052147865295410e-01 -6.923395395278930664e-01
-6.081429123878479004e-02 -7.374317049980163574e-01 -6.939263939857482910e-01
-5.645725131034851074e-02 -7.376296520233154297e-01 -6.961277723312377930e-01
1.213933825492858887e+00 -3.647351264953613281e-01 -1.023692011833190918e+00
1.214137077331542969e+00 -3.619510829448699951e-01 -1.020782470703125000e+00
1.216066956520080566e+00 -3.624858558177947998e-01 -1.022508025169372559e+00
1.213634133338928223e+00 -3.646177649497985840e-01 -1.023390889167785645e+00
1.215089797973632812e+00 -3.638828694820404053e-01 -1.023450732231140137e+00
1.214341163635253906e+00 -3.645263612270355225e-01 -1.023697376251220703e+00
1.214228034019470215e+00 -3.641770482063293457e-01 -1.023259758949279785e+00
1.211449265480041504e+00 -3.642598092555999756e-01 -1.021741509437561035e+00
1.214816212654113770e+00 -3.638408482074737549e-01 -1.023220896720886230e+00
1.215921282768249512e+00 -3.632573783397674561e-01 -1.023250937461853027e+00
1.216209292411804199e+00 -3.631353676319122314e-01 -1.023285150527954102e+00
1.214780926704406738e+00 -3.633066117763519287e-01 -1.022633790969848633e+00
1.213718414306640625e+00 -3.645712137222290039e-01 -1.023383617401123047e+00
1.217118382453918457e+00 -3.582020699977874756e-01 -1.018544197082519531e+00
1.217445611953735352e+00 -3.564022481441497803e-01 -1.016804218292236328e+00
1.216480374336242676e+00 -3.500162065029144287e-01 -1.009439468383789062e+00
1.214069485664367676e+00 -3.415504992008209229e-01 -9.989876747131347656e-01
1.204856991767883301e+00 -3.323890566825866699e-01 -9.838719367980957031e-01
1.198506355285644531e+00 -3.316149711608886719e-01 -9.793546199798583984e-01
1.185691833496093750e+00 -3.232122659683227539e-01 -9.629896879196166992e-01
1.177152633666992188e+00 -3.116422295570373535e-01 -9.457651376724243164e-01
1.176984190940856934e+00 -2.971522510051727295e-01 -9.303727746009826660e-01
1.177223801612854004e+00 -2.833268940448760986e-01 -9.159268140792846680e-01
1.177540659904479980e+00 -2.751013636589050293e-01 -9.073609709739685059e-01
1.177619218826293945e+00 -2.711929082870483398e-01 -9.032914638519287109e-01
1.177600979804992676e+00 -2.683749496936798096e-01 -9.002921581268310547e-01
1.177100181579589844e+00 -2.689448893070220947e-01 -9.006288647651672363e-01
1.177438855171203613e+00 -2.668578624725341797e-01 -8.986198902130126953e-01
1.178446888923645020e+00 -2.652815282344818115e-01 -8.975343108177185059e-01
1.177121162414550781e+00 -2.690411806106567383e-01 -9.007703065872192383e-01
1.174427866935729980e+00 -2.689419686794281006e-01 -8.990991115570068359e-01
1.175485610961914062e+00 -2.639130055904388428e-01 -8.943523168563842773e-01
1.176829695701599121e+00 -2.656020820140838623e-01 -8.969249725341796875e-01
1.171748161315917969e+00 -2.601805031299591064e-01 -8.882145881652832031e-01
1.170662999153137207e+00 -2.626464962959289551e-01 -8.902343511581420898e-01
1.165801405906677246e+00 -2.599538862705230713e-01 -8.845564126968383789e-01
1.151088833808898926e+00 -2.509457170963287354e-01 -8.664103746414184570e-01
1.131278276443481445e+00 -2.488753944635391235e-01 -8.525177240371704102e-01
1.113148927688598633e+00 -2.476256489753723145e-01 -8.405040502548217773e-01
1.087759733200073242e+00 -2.421797066926956177e-01 -8.196867704391479492e-01
1.065613508224487305e+00 -2.410358190536499023e-01 -8.054194450378417969e-01
1.055904269218444824e+00 -2.392036765813827515e-01 -7.977353930473327637e-01
1.041496396064758301e+00 -2.331655770540237427e-01 -7.827612161636352539e-01
1.033624172210693359e+00 -2.241772562265396118e-01 -7.685174942016601562e-01
1.022333979606628418e+00 -2.191820889711380005e-01 -7.566096782684326172e-01
1.015880346298217773e+00 -2.219135910272598267e-01 -7.556923627853393555e-01
1.019433975219726562e+00 -2.124703526496887207e-01 -7.477231621742248535e-01
1.017866849899291992e+00 -2.168783396482467651e-01 -7.515446543693542480e-01
1.014980435371398926e+00 -2.111914008855819702e-01 -7.437255382537841797e-01
1.013826608657836914e+00 -2.131291925907135010e-01 -7.451811432838439941e-01
1.023136973381042480e+00 -2.140068411827087402e-01 -7.515575885772705078e-01
1.010457038879394531e+00 -2.112572938203811646e-01 -7.412087321281433105e-01
1.019176483154296875e+00 -2.104764431715011597e-01 -7.454697489738464355e-01
1.016488075256347656e+00 -2.034823745489120483e-01 -7.364665865898132324e-01
1.022263288497924805e+00 -2.052243351936340332e-01 -7.416452765464782715e-01
1.011615276336669922e+00 -1.637961864471435547e-01 -6.916026473045349121e-01
1.010132312774658203e+00 -1.341225802898406982e-01 -6.596282720565795898e-01
1.006271600723266602e+00 -8.854098618030548096e-02 -6.097065806388854980e-01
1.010050058364868164e+00 -4.587693139910697937e-02 -5.674858093261718750e-01
1.000115275382995605e+00 -1.121883559972047806e-02 -5.250337719917297363e-01
9.804446697235107422e-01 4.409501329064369202e-02 -4.554842710494995117e-01
9.622528553009033203e-01 1.077625900506973267e-01 -3.770908117294311523e-01
9.376703500747680664e-01 1.879886090755462646e-01 -2.786454856395721436e-01
8.833835124969482422e-01 3.196541666984558105e-01 -1.065661609172821045e-01
8.384965658187866211e-01 4.283150136470794678e-01 4.667372256517410278e-02
8.448846340179443359e-01 4.374293088912963867e-01 5.271852761507034302e-02
8.446639776229858398e-01 4.373309314250946045e-01 5.273969471454620361e-02
8.476084470748901367e-01 4.416474103927612305e-01 5.564859509468078613e-02
8.464702367782592773e-01 4.407687485218048096e-01 5.536355078220367432e-02
8.475375175476074219e-01 4.412473440170288086e-01 5.526389926671981812e-02
8.466438055038452148e-01 4.422639310359954834e-01 5.685346573591232300e-02
8.480349779129028320e-01 4.417892992496490479e-01 5.555623769760131836e-02
8.459390401840209961e-01 4.429473578929901123e-01 5.798143148422241211e-02
8.452389240264892578e-01 4.378423094749450684e-01 5.295548588037490845e-02
8.428119421005249023e-01 4.341136515140533447e-01 5.037640780210494995e-02
8.445191383361816406e-01 4.364694654941558838e-01 5.190680921077728271e-02
8.488612174987792969e-01 4.444268941879272461e-01 5.788829922676086426e-02
8.485825061798095703e-01 4.445837140083312988e-01 5.821376293897628784e-02
8.453603982925415039e-01 4.394035935401916504e-01 5.454538762569427490e-02
8.449041843414306641e-01 4.384815096855163574e-01 5.382549762725830078e-02
8.462191820144653320e-01 4.397952258586883545e-01 5.447214096784591675e-02
8.471974134445190430e-01 4.439642727375030518e-01 5.834493041038513184e-02
8.483530282974243164e-01 4.423962831497192383e-01 5.602001398801803589e-02
8.472126722335815430e-01 4.402849078178405762e-01 5.442627519369125366e-02
8.470095396041870117e-01 4.400366544723510742e-01 5.427824705839157104e-02
8.448258638381958008e-01 4.382448494434356689e-01 5.361863970756530762e-02
8.446922302246093750e-01 4.368921220302581787e-01 5.225730687379837036e-02
8.466379642486572266e-01 4.401343762874603271e-01 5.459380149841308594e-02
8.471859693527221680e-01 4.414415061473846436e-01 5.567057430744171143e-02
8.490703105926513672e-01 4.443117380142211914e-01 5.764672160148620605e-02
8.456435203552246094e-01 4.377948641777038574e-01 5.267445743083953857e-02
8.460143804550170898e-01 4.381969869136810303e-01 5.289041996002197266e-02
8.453156948089599609e-01 4.379741847515106201e-01 5.305184423923492432e-02
8.467323780059814453e-01 4.399787187576293945e-01 5.437460541725158691e-02
8.488323688507080078e-01 4.427981674671173096e-01 5.617395788431167603e-02
8.472777605056762695e-01 4.434962570667266846e-01 5.780177563428878784e-02
8.445479869842529297e-01 4.397644400596618652e-01 5.539181828498840332e-02
8.483375310897827148e-01 4.444407820701599121e-01 5.820148438215255737e-02
8.463977575302124023e-01 4.399188458919525146e-01 5.450170487165451050e-02
1.211541175842285156e+00 -3.642642796039581299e-01 -1.021797418594360352e+00
1.209560036659240723e+00 -3.608171343803405762e-01 -1.016938328742980957e+00
1.214430809020996094e+00 -3.647212088108062744e-01 -1.023963332176208496e+00
1.211423158645629883e+00 -3.646238744258880615e-01 -1.022144198417663574e+00
1.215025663375854492e+00 -3.647369146347045898e-01 -1.024333596229553223e+00
1.213623881340026855e+00 -3.647440969944000244e-01 -1.023526668548583984e+00
1.214605331420898438e+00 -3.648106157779693604e-01 -1.024169564247131348e+00
1.213619112968444824e+00 -3.621059358119964600e-01 -1.020662784576416016e+00
1.211962819099426270e+00 -3.648164868354797363e-01 -1.022660017013549805e+00
1.212699413299560547e+00 -3.643207550048828125e-01 -1.022518754005432129e+00
1.215144157409667969e+00 -3.636818826198577881e-01 -1.023253917694091797e+00
1.215548276901245117e+00 -3.638516366481781006e-01 -1.023662805557250977e+00
1.216646075248718262e+00 -3.615502417087554932e-01 -1.021839022636413574e+00
1.216738820075988770e+00 -3.599900305271148682e-01 -1.020244956016540527e+00
1.217391371726989746e+00 -3.569128811359405518e-01 -1.017317175865173340e+00
1.215402364730834961e+00 -3.484231233596801758e-01 -1.007114410400390625e+00
1.212518692016601562e+00 -3.395544588565826416e-01 -9.959627389907836914e-01
1.203282356262207031e+00 -3.310293853282928467e-01 -9.815123677253723145e-01
1.196431398391723633e+00 -3.293626904487609863e-01 -9.757437705993652344e-01
1.182800650596618652e+00 -3.208903372287750244e-01 -9.588438272476196289e-01
1.174230337142944336e+00 -3.083306550979614258e-01 -9.406098127365112305e-01
1.175591230392456055e+00 -2.968353629112243652e-01 -9.292267560958862305e-01
1.175910234451293945e+00 -2.843338549137115479e-01 -9.162182807922363281e-01
1.178285717964172363e+00 -2.758471369743347168e-01 -9.085998535156250000e-01
1.177167415618896484e+00 -2.697642445564270020e-01 -9.015041589736938477e-01
1.174472212791442871e+00 -2.693216204643249512e-01 -8.995170593261718750e-01
1.176249146461486816e+00 -2.697866857051849365e-01 -9.010403156280517578e-01
1.174182653427124023e+00 -2.631297409534454346e-01 -8.927876949310302734e-01
1.174120068550109863e+00 -2.689763903617858887e-01 -8.989598751068115234e-01
1.175182819366455078e+00 -2.647729516029357910e-01 -8.951041698455810547e-01
1.176138401031494141e+00 -2.658124864101409912e-01 -8.967735171318054199e-01
1.176443099975585938e+00 -2.651850283145904541e-01 -8.962620496749877930e-01
1.177543044090270996e+00 -2.674839198589324951e-01 -8.993458151817321777e-01
1.179898619651794434e+00 -2.683113515377044678e-01 -9.015760421752929688e-01
1.179792404174804688e+00 -2.614124715328216553e-01 -8.941557407379150391e-01
1.180532932281494141e+00 -2.595718801021575928e-01 -8.925955295562744141e-01
1.175725102424621582e+00 -2.449713796377182007e-01 -8.740608692169189453e-01
1.171749114990234375e+00 -2.334954738616943359e-01 -8.592947721481323242e-01
1.165808081626892090e+00 -2.179154604673385620e-01 -8.389729261398315430e-01
1.161992192268371582e+00 -2.037022858858108521e-01 -8.213883638381958008e-01
1.157875657081604004e+00 -1.914779692888259888e-01 -8.057367801666259766e-01
1.151292920112609863e+00 -1.736136823892593384e-01 -7.827008962631225586e-01
1.148046612739562988e+00 -1.464737951755523682e-01 -7.519881725311279297e-01
1.149413704872131348e+00 -1.358337551355361938e-01 -7.414454221725463867e-01
1.145882010459899902e+00 -1.224859356880187988e-01 -7.252075672149658203e-01
1.144896864891052246e+00 -1.234601512551307678e-01 -7.256395220756530762e-01
1.143377900123596191e+00 -1.202166751027107239e-01 -7.213073968887329102e-01
1.138292193412780762e+00 -1.135997250676155090e-01 -7.112964391708374023e-01
1.140409708023071289e+00 -1.199967265129089355e-01 -7.193022966384887695e-01
1.140698909759521484e+00 -1.200498789548873901e-01 -7.195465564727783203e-01
1.140852332115173340e+00 -1.199421882629394531e-01 -7.195066213607788086e-01
1.136334419250488281e+00 -1.102677658200263977e-01 -7.066466808319091797e-01
1.145120620727539062e+00 -1.242146566510200500e-01 -7.265700697898864746e-01
1.132115364074707031e+00 -9.855736047029495239e-02 -6.918191313743591309e-01
1.122755527496337891e+00 -7.822257280349731445e-02 -6.646781563758850098e-01
1.111926794052124023e+00 -5.953888222575187683e-02 -6.382026672363281250e-01
1.100748658180236816e+00 -4.118207469582557678e-02 -6.119482517242431641e-01
1.083325862884521484e+00 -2.362718805670738220e-02 -5.835658311843872070e-01
1.070186138153076172e+00 4.997969605028629303e-03 -5.456714630126953125e-01
1.049306392669677734e+00 4.087530821561813354e-02 -4.963059425354003906e-01
1.037461042404174805e+00 8.553239703178405762e-02 -4.432560801506042480e-01
1.013077378273010254e+00 1.570990681648254395e-01 -3.545511364936828613e-01
9.726054668426513672e-01 2.302299886941909790e-01 -2.536874413490295410e-01
8.795778751373291016e-01 4.444783329963684082e-01 4.020716995000839233e-02
8.692159652709960938e-01 4.576476812362670898e-01 5.981296300888061523e-02
8.664240837097167969e-01 4.634937345981597900e-01 6.755439937114715576e-02
8.708398342132568359e-01 4.690678715705871582e-01 7.097052037715911865e-02
8.677843809127807617e-01 4.655603468418121338e-01 6.897309422492980957e-02
8.662099838256835938e-01 4.626274108886718750e-01 6.676267087459564209e-02
8.712936639785766602e-01 4.698514640331268311e-01 7.155647873878479004e-02
8.685821294784545898e-01 4.660042226314544678e-01 6.900174915790557861e-02
8.683333396911621094e-01 4.665456712245941162e-01 6.970299780368804932e-02
8.691316843032836914e-01 4.685403108596801758e-01 7.139112055301666260e-02
8.690596818923950195e-01 4.670657515525817871e-01 6.984959542751312256e-02
8.666863441467285156e-01 4.638613760471343994e-01 6.779721379280090332e-02
8.670046329498291016e-01 4.645743370056152344e-01 6.836795806884765625e-02
8.676335811614990234e-01 4.652571380138397217e-01 6.873795390129089355e-02
8.730262517929077148e-01 4.767617583274841309e-01 7.797959446907043457e-02
8.706383705139160156e-01 4.700919389724731445e-01 7.218976318836212158e-02
8.682211637496948242e-01 4.655208289623260498e-01 6.869316101074218750e-02
8.707373142242431641e-01 4.700573682785034180e-01 7.209852337837219238e-02
8.680841922760009766e-01 4.688650071620941162e-01 7.233455777168273926e-02
8.695175647735595703e-01 4.674868285655975342e-01 7.003833353519439697e-02
8.709726333618164062e-01 4.709360599517822266e-01 7.290515303611755371e-02
8.703533411026000977e-01 4.692434966564178467e-01 7.144139707088470459e-02
8.708062171936035156e-01 4.725052416324615479e-01 7.468673586845397949e-02
8.675119876861572266e-01 4.671608805656433105e-01 7.083141803741455078e-02
8.712807893753051758e-01 4.754683077335357666e-01 7.760214805603027344e-02
8.698478937149047852e-01 4.676584303379058838e-01 7.003897428512573242e-02
8.703272342681884766e-01 4.718208611011505127e-01 7.422064244747161865e-02
8.697984218597412109e-01 4.681651592254638672e-01 7.060006260871887207e-02
8.671575784683227539e-01 4.640887677669525146e-01 6.777510046958923340e-02
8.691703081130981445e-01 4.688763916492462158e-01 7.171677052974700928e-02
8.697781562805175781e-01 4.701178073883056641e-01 7.270890474319458008e-02
8.690849542617797852e-01 4.671414196491241455e-01 6.991623342037200928e-02
8.703887462615966797e-01 4.720876812934875488e-01 7.447053492069244385e-02
8.715720176696777344e-01 4.741207957267761230e-01 7.598012685775756836e-02
8.706828355789184570e-01 4.683737158775329590e-01 7.033251225948333740e-02
8.713759183883666992e-01 4.696217775344848633e-01 7.126723229885101318e-02
1.211263179779052734e+00 -3.616313040256500244e-01 -1.018802165985107422e+00
1.215115547180175781e+00 -3.639667332172393799e-01 -1.023531556129455566e+00
1.216011524200439453e+00 -3.616426289081573486e-01 -1.021589279174804688e+00
1.211635947227478027e+00 -3.603309094905853271e-01 -1.017600536346435547e+00
1.213671684265136719e+00 -3.645352423191070557e-01 -1.023351430892944336e+00
1.212040543556213379e+00 -3.642512857913970947e-01 -1.022068738937377930e+00
1.215502023696899414e+00 -3.625347912311553955e-01 -1.022266268730163574e+00
1.214588284492492676e+00 -3.647618889808654785e-01 -1.024110674858093262e+00
1.214981079101562500e+00 -3.640387356281280518e-01 -1.023550152778625488e+00
1.214499473571777344e+00 -3.638604581356048584e-01 -1.023059487342834473e+00
1.213019132614135742e+00 -3.614325225353240967e-01 -1.019575953483581543e+00
1.209721922874450684e+00 -3.632820546627044678e-01 -1.019678711891174316e+00
1.210544228553771973e+00 -3.640497624874114990e-01 -1.020994901657104492e+00
1.209609985351562500e+00 -3.641670048236846924e-01 -1.020588636398315430e+00
1.203657984733581543e+00 -3.640136122703552246e-01 -1.017026662826538086e+00
1.197109341621398926e+00 -3.561851680278778076e-01 -1.004984617233276367e+00
1.192185163497924805e+00 -3.517043888568878174e-01 -9.975172281265258789e-01
1.182028412818908691e+00 -3.410222828388214111e-01 -9.805917739868164062e-01
1.172975540161132812e+00 -3.374979496002197266e-01 -9.717426300048828125e-01
1.162907123565673828e+00 -3.282805383205413818e-01 -9.563301801681518555e-01
1.151732683181762695e+00 -3.194420933723449707e-01 -9.405463337898254395e-01
1.137928247451782227e+00 -3.100796937942504883e-01 -9.226689338684082031e-01
1.133210062980651855e+00 -3.051961362361907959e-01 -9.148149490356445312e-01
1.126881599426269531e+00 -2.991656363010406494e-01 -9.047961235046386719e-01
1.121038079261779785e+00 -2.976730465888977051e-01 -8.998463749885559082e-01
1.119663357734680176e+00 -2.970736324787139893e-01 -8.983800411224365234e-01
1.119313836097717285e+00 -2.957532703876495361e-01 -8.968186974525451660e-01
1.117400407791137695e+00 -2.924441099166870117e-01 -8.922237157821655273e-01
1.119001507759094238e+00 -2.922230064868927002e-01 -8.929305076599121094e-01
1.117977499961853027e+00 -2.937099635601043701e-01 -8.938819169998168945e-01
1.121324896812438965e+00 -2.939366698265075684e-01 -8.960838913917541504e-01
1.114457845687866211e+00 -2.939359843730926514e-01 -8.920706510543823242e-01
1.121603369712829590e+00 -2.936341464519500732e-01 -8.959268927574157715e-01
1.120144844055175781e+00 -2.911488711833953857e-01 -8.924539685249328613e-01
1.117980360984802246e+00 -2.826376855373382568e-01 -8.821844458580017090e-01
1.119315743446350098e+00 -2.783781588077545166e-01 -8.784358501434326172e-01
1.110972404479980469e+00 -2.607582211494445801e-01 -8.548928499221801758e-01
1.110357165336608887e+00 -2.515202462673187256e-01 -8.444677591323852539e-01
1.108619093894958496e+00 -2.375978976488113403e-01 -8.282556533813476562e-01
1.106886982917785645e+00 -2.257535010576248169e-01 -8.143092393875122070e-01
1.099595427513122559e+00 -2.094832509756088257e-01 -7.921440601348876953e-01
1.097247362136840820e+00 -2.022513151168823242e-01 -7.825475931167602539e-01
1.084161162376403809e+00 -1.990506052970886230e-01 -7.707068324089050293e-01
1.078920483589172363e+00 -1.989548653364181519e-01 -7.670900225639343262e-01
1.075662016868591309e+00 -1.952037513256072998e-01 -7.610560655593872070e-01
1.067693591117858887e+00 -1.876861751079559326e-01 -7.482310533523559570e-01
1.067881345748901367e+00 -1.851594746112823486e-01 -7.457792162895202637e-01
1.066232681274414062e+00 -1.892880350351333618e-01 -7.489198446273803711e-01
1.069387674331665039e+00 -1.921199411153793335e-01 -7.538344860076904297e-01
1.071001410484313965e+00 -1.912048459053039551e-01 -7.539397478103637695e-01
1.070781230926513672e+00 -1.883835345506668091e-01 -7.509278059005737305e-01
1.064363002777099609e+00 -1.828012615442276001e-01 -7.410622239112854004e-01
1.066019177436828613e+00 -1.799489706754684448e-01 -7.392771244049072266e-01
1.063125610351562500e+00 -1.804097145795822144e-01 -7.378777861595153809e-01
1.064441442489624023e+00 -1.747861951589584351e-01 -7.330250144004821777e-01
1.048976302146911621e+00 -1.405350118875503540e-01 -6.884424090385437012e-01
1.026544451713562012e+00 -8.943695574998855591e-02 -6.228161454200744629e-01
1.007735133171081543e+00 -5.522050336003303528e-02 -5.763924121856689453e-01
9.816077947616577148e-01 -2.653598040342330933e-02 -5.315972566604614258e-01
9.699562788009643555e-01 1.795053854584693909e-02 -4.774844646453857422e-01
9.530800580978393555e-01 7.125909626483917236e-02 -4.107063710689544678e-01
9.349956512451171875e-01 1.162641867995262146e-01 -3.519181013107299805e-01
9.034023284912109375e-01 1.589854806661605835e-01 -2.876401245594024658e-01
8.752446174621582031e-01 2.238649725914001465e-01 -2.028667181730270386e-01
8.233610391616821289e-01 3.862438499927520752e-01 8.799582719802856445e-03
8.197764158248901367e-01 4.030543267726898193e-01 3.000175952911376953e-02
8.189793825149536133e-01 4.087500870227813721e-01 3.661736845970153809e-02
8.248212337493896484e-01 3.887735307216644287e-01 1.075673103332519531e-02
8.177466392517089844e-01 4.065531492233276367e-01 3.507335484027862549e-02
8.212752342224121094e-01 3.942708671092987061e-01 1.918827742338180542e-02
8.174132108688354492e-01 4.096511304378509521e-01 3.834501653909683228e-02
8.183225393295288086e-01 4.102739989757537842e-01 3.848660737276077271e-02
8.178220987319946289e-01 4.085466563701629639e-01 3.702081739902496338e-02
8.186007738113403320e-01 4.089259207248687744e-01 3.698714822530746460e-02
8.197546005249023438e-01 4.063302278518676758e-01 3.369903564453125000e-02
8.156007528305053711e-01 4.075918197631835938e-01 3.723209351301193237e-02
8.185039758682250977e-01 4.082551300525665283e-01 3.636942803859710693e-02
8.177984952926635742e-01 4.070892035961151123e-01 3.557838499546051025e-02
8.168911933898925781e-01 4.140964448451995850e-01 4.337876290082931519e-02
8.191347122192382812e-01 4.081279933452606201e-01 3.591771423816680908e-02
8.165941238403320312e-01 4.058693647384643555e-01 3.499652445316314697e-02
8.175557851791381836e-01 4.132190346717834473e-01 4.205602407455444336e-02
8.171018362045288086e-01 4.162077307701110840e-01 4.551799595355987549e-02
8.192002773284912109e-01 4.124675989151000977e-01 4.029149562120437622e-02
8.201376199722290039e-01 3.934897184371948242e-01 1.900751143693923950e-02
8.182816505432128906e-01 4.076615869998931885e-01 3.589489310979843140e-02
8.200623989105224609e-01 4.087749719619750977e-01 3.607220947742462158e-02
8.158671855926513672e-01 4.117981195449829102e-01 4.151616990566253662e-02
8.169686794281005859e-01 4.123896658420562744e-01 4.150732606649398804e-02
8.199300765991210938e-01 4.092152714729309082e-01 3.657498955726623535e-02
8.185951709747314453e-01 4.117372035980224609e-01 3.986042737960815430e-02
8.171763420104980469e-01 4.126715958118438721e-01 4.169262945652008057e-02
8.172111511230468750e-01 4.061067998409271240e-01 3.491139411926269531e-02
8.163628578186035156e-01 4.117505252361297607e-01 4.117422550916671753e-02
8.191307783126831055e-01 4.079408645629882812e-01 3.572858870029449463e-02
8.155338764190673828e-01 4.114407896995544434e-01 4.132606834173202515e-02
8.173373937606811523e-01 4.123694300651550293e-01 4.127110540866851807e-02
8.189679384231567383e-01 4.074555933475494385e-01 3.533052653074264526e-02
8.184624910354614258e-01 4.082349538803100586e-01 3.637303411960601807e-02
1.213565468788146973e+00 -3.649161458015441895e-01 -1.023687124252319336e+00
1.213361978530883789e+00 -3.642359972000122070e-01 -1.022804141044616699e+00
1.214657783508300781e+00 -3.645638525485992432e-01 -1.023916125297546387e+00
1.213928699493408203e+00 -3.637793958187103271e-01 -1.022632002830505371e+00
1.215878963470458984e+00 -3.632089197635650635e-01 -1.023172259330749512e+00
1.212548971176147461e+00 -3.645691573619842529e-01 -1.022715568542480469e+00
1.215662956237792969e+00 -3.638885021209716797e-01 -1.023765325546264648e+00
1.215980410575866699e+00 -3.637535274028778076e-01 -1.023812532424926758e+00
1.214928388595581055e+00 -3.644652366638183594e-01 -1.023973464965820312e+00
1.215388417243957520e+00 -3.635601401329040527e-01 -1.023284792900085449e+00
1.213764548301696777e+00 -3.642050921916961670e-01 -1.022994756698608398e+00
1.214636325836181641e+00 -3.639304637908935547e-01 -1.023210883140563965e+00
1.210537672042846680e+00 -3.645128607749938965e-01 -1.021501064300537109e+00
1.204659700393676758e+00 -3.644768297672271729e-01 -1.018126249313354492e+00
1.199689984321594238e+00 -3.628448545932769775e-01 -1.013502955436706543e+00
1.195876002311706543e+00 -3.559368252754211426e-01 -1.004043340682983398e+00
1.190753102302551270e+00 -3.504613339900970459e-01 -9.954224824905395508e-01
1.182295441627502441e+00 -3.439273238182067871e-01 -9.838051199913024902e-01
1.174869894981384277e+00 -3.346285820007324219e-01 -9.698122739791870117e-01
1.162307739257812500e+00 -3.294944167137145996e-01 -9.572602510452270508e-01
1.150958657264709473e+00 -3.213185369968414307e-01 -9.420796632766723633e-01
1.140536665916442871e+00 -3.119670450687408447e-01 -9.262038469314575195e-01
1.134761691093444824e+00 -3.050078749656677246e-01 -9.155269265174865723e-01
1.126790881156921387e+00 -3.005521595478057861e-01 -9.062069654464721680e-01
1.123767137527465820e+00 -2.974220812320709229e-01 -9.011551141738891602e-01
1.121507644653320312e+00 -2.954955697059631348e-01 -8.978277444839477539e-01
1.118718981742858887e+00 -2.950285971164703369e-01 -8.957023024559020996e-01
1.117970108985900879e+00 -2.955498099327087402e-01 -8.958029747009277344e-01
1.118281364440917969e+00 -2.953858077526092529e-01 -8.958096504211425781e-01
1.118248224258422852e+00 -2.928213179111480713e-01 -8.931022882461547852e-01
1.118510961532592773e+00 -2.968578040599822998e-01 -8.974967002868652344e-01
1.120076656341552734e+00 -2.934248149394989014e-01 -8.948065042495727539e-01
1.115837574005126953e+00 -2.959666848182678223e-01 -8.950064778327941895e-01
1.114855289459228516e+00 -2.983921766281127930e-01 -8.969805240631103516e-01
1.109846949577331543e+00 -3.010115027427673340e-01 -8.967980146408081055e-01
1.097150802612304688e+00 -3.039538562297821045e-01 -8.925552368164062500e-01
1.092917919158935547e+00 -3.107461631298065186e-01 -8.971467018127441406e-01
1.061928153038024902e+00 -3.168141841888427734e-01 -8.855922222137451172e-01
1.035198211669921875e+00 -3.290038406848907471e-01 -8.823841810226440430e-01
1.008577585220336914e+00 -3.443182110786437988e-01 -8.826205730438232422e-01
9.859291315078735352e-01 -3.532862961292266846e-01 -8.785061836242675781e-01
9.639540910720825195e-01 -3.596851527690887451e-01 -8.720554113388061523e-01
9.499610662460327148e-01 -3.645640909671783447e-01 -8.687191009521484375e-01
9.227457046508789062e-01 -3.673698604106903076e-01 -8.551432490348815918e-01
9.227641820907592773e-01 -3.673000633716583252e-01 -8.550525903701782227e-01
9.058934450149536133e-01 -3.740129172801971436e-01 -8.521492481231689453e-01
9.053988456726074219e-01 -3.726690113544464111e-01 -8.504055738449096680e-01
8.957369327545166016e-01 -3.809661865234375000e-01 -8.534398674964904785e-01
8.960940837860107422e-01 -3.774134814739227295e-01 -8.498513698577880859e-01
8.944859504699707031e-01 -3.767200410366058350e-01 -8.481224775314331055e-01
9.039971828460693359e-01 -3.768469989299774170e-01 -8.539847135543823242e-01
8.997951745986938477e-01 -3.743335902690887451e-01 -8.488471508026123047e-01
8.968888521194458008e-01 -3.773892819881439209e-01 -8.502736687660217285e-01
9.057130813598632812e-01 -3.637344539165496826e-01 -8.409674763679504395e-01
9.188514947891235352e-01 -3.150597512722015381e-01 -7.972096204757690430e-01
9.134218692779541016e-01 -2.514928579330444336e-01 -7.268604040145874023e-01
9.197708368301391602e-01 -1.702707856893539429e-01 -6.447455883026123047e-01
9.186527729034423828e-01 -1.317911297082901001e-01 -6.029728651046752930e-01
9.148154258728027344e-01 -1.057363599538803101e-01 -5.729849338531494141e-01
8.974772691726684570e-01 -3.597283735871315002e-02 -4.914387464523315430e-01
8.947052955627441406e-01 2.884015813469886780e-02 -4.230314195156097412e-01
8.662223815917968750e-01 1.138629540801048279e-01 -3.156816363334655762e-01
8.492673635482788086e-01 1.885890215635299683e-01 -2.254692316055297852e-01
7.661559581756591797e-01 3.549157679080963135e-01 7.321916520595550537e-03
7.672812938690185547e-01 3.922939598560333252e-01 4.497481137514114380e-02
7.663561105728149414e-01 4.001024663448333740e-01 5.242774635553359985e-02
7.672371864318847656e-01 3.985795676708221436e-01 5.064800381660461426e-02
7.672235965728759766e-01 3.962936699390411377e-01 4.860021919012069702e-02
7.668514251708984375e-01 4.042520523071289062e-01 5.591098964214324951e-02
7.674051523208618164e-01 3.998685181140899658e-01 5.174075812101364136e-02
7.666569948196411133e-01 3.985091149806976318e-01 5.086334049701690674e-02
7.663747072219848633e-01 4.018289744853973389e-01 5.394787341356277466e-02
7.674951553344726562e-01 4.019975364208221436e-01 5.361306667327880859e-02
7.670586109161376953e-01 3.949699997901916504e-01 4.750108718872070312e-02
7.647892236709594727e-01 4.059752225875854492e-01 5.838644504547119141e-02
7.669833898544311523e-01 4.010748863220214844e-01 5.298911035060882568e-02
7.683317661285400391e-01 3.965601623058319092e-01 4.834724217653274536e-02
7.669475078582763672e-01 3.977370560169219971e-01 5.005647242069244385e-02
7.651267051696777344e-01 4.019702076911926270e-01 5.463395267724990845e-02
7.680324316024780273e-01 4.003825485706329346e-01 5.195894837379455566e-02
7.663903236389160156e-01 4.028830826282501221e-01 5.491306632757186890e-02
7.651493549346923828e-01 4.009006023406982422e-01 5.365042388439178467e-02
7.675269842147827148e-01 3.995691239833831787e-01 5.142547935247421265e-02
7.652879953384399414e-01 4.027973413467407227e-01 5.530133098363876343e-02
7.662478685379028320e-01 3.974356949329376221e-01 5.005184561014175415e-02
7.653474807739257812e-01 4.025528132915496826e-01 5.506248772144317627e-02
7.673165798187255859e-01 3.994129300117492676e-01 5.138855427503585815e-02
7.688089609146118164e-01 3.981586098670959473e-01 4.960166662931442261e-02
7.678303718566894531e-01 4.015778005123138428e-01 5.308608710765838623e-02
7.673051357269287109e-01 3.991537392139434814e-01 5.113423615694046021e-02
7.668952941894531250e-01 4.005939066410064697e-01 5.261532217264175415e-02
7.675805091857910156e-01 3.993156850337982178e-01 5.116094648838043213e-02
7.652623653411865234e-01 4.040222465991973877e-01 5.638938397169113159e-02
7.665193080902099609e-01 3.931672871112823486e-01 4.609376192092895508e-02
7.677497863769531250e-01 3.967727720737457275e-01 4.880119115114212036e-02
7.675620317459106445e-01 4.014394283294677734e-01 5.306240171194076538e-02
7.671490907669067383e-01 3.966950178146362305e-01 4.900960624217987061e-02
7.670645713806152344e-01 3.974101841449737549e-01 4.969379305839538574e-02
7.679307460784912109e-01 3.956590294837951660e-01 4.769945144653320312e-02
1.214918375015258789e+00 -3.645024895668029785e-01 -1.024003267288208008e+00
1.214522123336791992e+00 -3.643229007720947266e-01 -1.023566126823425293e+00
1.214846968650817871e+00 -3.645807802677154541e-01 -1.024055838584899902e+00
1.213289022445678711e+00 -3.642160296440124512e-01 -1.022747159004211426e+00
1.214297771453857422e+00 -3.644877970218658447e-01 -1.023643612861633301e+00
1.213564515113830566e+00 -3.639087080955505371e-01 -1.022568225860595703e+00
1.215191364288330078e+00 -3.640510141849517822e-01 -1.023665428161621094e+00
1.215438604354858398e+00 -3.643757998943328857e-01 -1.024184226989746094e+00
1.215683341026306152e+00 -3.642160594463348389e-01 -1.024143218994140625e+00
1.214721202850341797e+00 -3.647682368755340576e-01 -1.024193882942199707e+00
1.215491652488708496e+00 -3.620073199272155762e-01 -1.021675825119018555e+00
1.213892936706542969e+00 -3.647299706935882568e-01 -1.023666024208068848e+00
1.216058135032653809e+00 -3.636384308338165283e-01 -1.023724436759948730e+00
1.216765880584716797e+00 -3.596149384975433350e-01 -1.019862890243530273e+00
1.217269062995910645e+00 -3.564361929893493652e-01 -1.016758561134338379e+00
1.215895414352416992e+00 -3.503063917160034180e-01 -1.009415388107299805e+00
1.212021350860595703e+00 -3.399107754230499268e-01 -9.960500001907348633e-01
1.203835248947143555e+00 -3.315490186214447021e-01 -9.823839068412780762e-01
1.197957277297973633e+00 -3.297893702983856201e-01 -9.770746231079101562e-01
1.185497283935546875e+00 -3.227340579032897949e-01 -9.623667597770690918e-01
1.177183151245117188e+00 -3.139316141605377197e-01 -9.482077360153198242e-01
1.175698995590209961e+00 -2.967884838581085205e-01 -9.292480945587158203e-01
1.176239252090454102e+00 -2.834515571594238281e-01 -9.154562950134277344e-01
1.173934459686279297e+00 -2.733282148838043213e-01 -9.034383296966552734e-01
1.177780866622924805e+00 -2.695929110050201416e-01 -9.017022848129272461e-01
1.178047299385070801e+00 -2.707882225513458252e-01 -9.031425118446350098e-01
1.175865888595581055e+00 -2.696608901023864746e-01 -9.006730318069458008e-01
1.177916169166564941e+00 -2.669986486434936523e-01 -8.990238904953002930e-01
1.177887439727783203e+00 -2.687270939350128174e-01 -9.008612632751464844e-01
1.172688364982604980e+00 -2.651688158512115479e-01 -8.940961956977844238e-01
1.178217291831970215e+00 -2.659867405891418457e-01 -8.981419801712036133e-01
1.175913333892822266e+00 -2.651454508304595947e-01 -8.959139585494995117e-01
1.177482724189758301e+00 -2.684615552425384521e-01 -9.003618955612182617e-01
1.180309057235717773e+00 -2.662900388240814209e-01 -8.996965885162353516e-01
1.181289553642272949e+00 -2.631310820579528809e-01 -8.968857526779174805e-01
1.179454922676086426e+00 -2.564019262790679932e-01 -8.885871171951293945e-01
1.177764773368835449e+00 -2.500240504741668701e-01 -8.806279301643371582e-01
1.172569513320922852e+00 -2.343613654375076294e-01 -8.607214689254760742e-01
1.166606664657592773e+00 -2.190520912408828735e-01 -8.406755328178405762e-01
1.160657882690429688e+00 -2.005921453237533569e-01 -8.173375725746154785e-01
1.156386971473693848e+00 -1.876787841320037842e-01 -8.007764816284179688e-01
1.151323795318603516e+00 -1.713030487298965454e-01 -7.802418470382690430e-01
1.149654626846313477e+00 -1.462608575820922852e-01 -7.526680231094360352e-01
1.149291515350341797e+00 -1.365285366773605347e-01 -7.420989274978637695e-01
1.146555304527282715e+00 -1.244462355971336365e-01 -7.277069091796875000e-01
1.147849917411804199e+00 -1.261994540691375732e-01 -7.302949428558349609e-01
1.139208555221557617e+00 -1.196155175566673279e-01 -7.181795835494995117e-01
1.137613058090209961e+00 -1.172437667846679688e-01 -7.147217392921447754e-01
1.144864439964294434e+00 -1.244768574833869934e-01 -7.266952991485595703e-01
1.140245676040649414e+00 -1.214750260114669800e-01 -7.207728624343872070e-01
1.144194245338439941e+00 -1.244965791702270508e-01 -7.263156175613403320e-01
1.136826753616333008e+00 -1.194916442036628723e-01 -7.166351675987243652e-01
1.140362024307250977e+00 -1.145770028233528137e-01 -7.135921716690063477e-01
1.137624859809875488e+00 -1.064649969339370728e-01 -7.034473419189453125e-01
1.124996185302734375e+00 -8.075730502605438232e-02 -6.687225699424743652e-01
1.109614610671997070e+00 -5.792249366641044617e-02 -6.351283192634582520e-01
1.103798151016235352e+00 -4.251525923609733582e-02 -6.151554584503173828e-01
1.081570148468017578e+00 -2.004260942339897156e-02 -5.787112116813659668e-01
1.067217588424682617e+00 9.531757794320583344e-03 -5.391482710838317871e-01
1.052461981773376465e+00 3.823961317539215088e-02 -5.009015798568725586e-01
1.038576364517211914e+00 8.753118664026260376e-02 -4.417845010757446289e-01
1.022087693214416504e+00 1.437327414751052856e-01 -3.739183545112609863e-01
9.796181917190551758e-01 2.165402472019195557e-01 -2.722692787647247314e-01
8.785120248794555664e-01 4.430723786354064941e-01 3.933609277009963989e-02
8.704988956451416016e-01 4.571759700775146484e-01 5.860136449337005615e-02
8.684066534042358398e-01 4.595035016536712646e-01 6.222113966941833496e-02
8.698761463165283203e-01 4.692529439926147461e-01 7.172615826129913330e-02
8.694481849670410156e-01 4.702976047992706299e-01 7.308715581893920898e-02
8.689697980880737305e-01 4.712738096714019775e-01 7.441197335720062256e-02
8.679003715515136719e-01 4.653230607509613037e-01 6.866209208965301514e-02
8.704431056976318359e-01 4.719220399856567383e-01 7.426312565803527832e-02
8.693262338638305664e-01 4.677762091159820557e-01 7.045170664787292480e-02
8.677043914794921875e-01 4.677886068820953369e-01 7.139182090759277344e-02
8.695878982543945312e-01 4.685360193252563477e-01 7.111677527427673340e-02
8.700387477874755859e-01 4.682294428348541260e-01 7.053123414516448975e-02
8.703217506408691406e-01 4.680067002773284912e-01 7.014288008213043213e-02
8.691614866256713867e-01 4.670582115650177002e-01 6.978632509708404541e-02
8.701364994049072266e-01 4.717822968959808350e-01 7.429112493991851807e-02
8.694006204605102539e-01 4.672114849090576172e-01 6.981614232063293457e-02
8.680731058120727539e-01 4.702617526054382324e-01 7.384632527828216553e-02
8.685956001281738281e-01 4.667562842369079590e-01 6.977982819080352783e-02
8.698170185089111328e-01 4.699813723564147949e-01 7.254534959793090820e-02
8.698785305023193359e-01 4.700740277767181396e-01 7.260298728942871094e-02
8.655685186386108398e-01 4.619318544864654541e-01 6.639087200164794922e-02
8.673367500305175781e-01 4.648149609565734863e-01 6.843698024749755859e-02
8.671562671661376953e-01 4.652979373931884766e-01 6.904202699661254883e-02
8.699936866760253906e-01 4.727633297443389893e-01 7.542391121387481689e-02
8.712415695190429688e-01 4.726887047290802002e-01 7.463300228118896484e-02
8.717660903930664062e-01 4.722606539726257324e-01 7.386276125907897949e-02
8.659512996673583984e-01 4.629998207092285156e-01 6.729772686958312988e-02
8.676242828369140625e-01 4.652696251869201660e-01 6.875570118427276611e-02
8.704305887222290039e-01 4.731044173240661621e-01 7.554493844509124756e-02
8.710763454437255859e-01 4.694025218486785889e-01 7.119069993495941162e-02
8.686466217041015625e-01 4.664692878723144531e-01 6.945121288299560547e-02
8.700255155563354492e-01 4.694308638572692871e-01 7.182505726814270020e-02
8.656955957412719727e-01 4.620145559310913086e-01 6.640850007534027100e-02
8.664547204971313477e-01 4.605592787265777588e-01 6.443463265895843506e-02
8.707051277160644531e-01 4.694510996341705322e-01 7.145899534225463867e-02
8.678997755050659180e-01 4.658011198043823242e-01 6.916007399559020996e-02
1.215393900871276855e+00 -3.644490540027618408e-01 -1.024234771728515625e+00
1.216327309608459473e+00 -3.618262708187103271e-01 -1.021980166435241699e+00
1.215756177902221680e+00 -3.625427186489105225e-01 -1.022407531738281250e+00
1.214559197425842285e+00 -3.641188442707061768e-01 -1.023371458053588867e+00
1.214803099632263184e+00 -3.642807900905609131e-01 -1.023699522018432617e+00
1.215296030044555664e+00 -3.641505241394042969e-01 -1.023867487907409668e+00
1.214827537536621094e+00 -3.645164072513580322e-01 -1.023964047431945801e+00
1.215434551239013672e+00 -3.643821477890014648e-01 -1.024175167083740234e+00
1.213766455650329590e+00 -3.639440238475799561e-01 -1.022710800170898438e+00
1.211267948150634766e+00 -3.624078929424285889e-01 -1.019619226455688477e+00
1.215446710586547852e+00 -3.644659221172332764e-01 -1.024273514747619629e+00
1.214650511741638184e+00 -3.639332652091979980e-01 -1.023278713226318359e+00
1.214144706726074219e+00 -3.602612316608428955e-01 -1.018997788429260254e+00
1.216712236404418945e+00 -3.606906235218048096e-01 -1.020966172218322754e+00
1.217522621154785156e+00 -3.551233708858489990e-01 -1.015498280525207520e+00
1.216984510421752930e+00 -3.493218421936035156e-01 -1.008980274200439453e+00
1.212291479110717773e+00 -3.401658535003662109e-01 -9.964876174926757812e-01
1.203525900840759277e+00 -3.320997357368469238e-01 -9.827944040298461914e-01
1.195404171943664551e+00 -3.283303081989288330e-01 -9.740495681762695312e-01
1.186303257942199707e+00 -3.237504363059997559e-01 -9.639208912849426270e-01
1.177848339080810547e+00 -3.137592673301696777e-01 -9.484117031097412109e-01
1.176737666130065918e+00 -2.956510484218597412e-01 -9.286345243453979492e-01
1.177758097648620605e+00 -2.877986729145050049e-01 -9.209422469139099121e-01
1.176382422447204590e+00 -2.759025096893310547e-01 -9.075684547424316406e-01
1.179052829742431641e+00 -2.699145078659057617e-01 -9.027615785598754883e-01
1.177942872047424316e+00 -2.653054296970367432e-01 -8.972632884979248047e-01
1.176126718521118164e+00 -2.669822275638580322e-01 -8.979884386062622070e-01
1.174528479576110840e+00 -2.635752856731414795e-01 -8.934639692306518555e-01
1.177506685256958008e+00 -2.691900432109832764e-01 -9.011149406433105469e-01
1.175726056098937988e+00 -2.670836746692657471e-01 -8.978922367095947266e-01
1.174180150032043457e+00 -2.648365795612335205e-01 -8.946006298065185547e-01
1.178095579147338867e+00 -2.675820291042327881e-01 -8.997510671615600586e-01
1.177152872085571289e+00 -2.670383751392364502e-01 -8.986383676528930664e-01
1.179200410842895508e+00 -2.663790285587310791e-01 -8.991485834121704102e-01
1.179948449134826660e+00 -2.632542848587036133e-01 -8.962416052818298340e-01
1.177891850471496582e+00 -2.524041533470153809e-01 -8.833857178688049316e-01
1.177319407463073730e+00 -2.484879493713378906e-01 -8.787258267402648926e-01
1.170814156532287598e+00 -2.306767255067825317e-01 -8.557429313659667969e-01
1.166811943054199219e+00 -2.181829810142517090e-01 -8.399069309234619141e-01
1.161234498023986816e+00 -2.034365981817245483e-01 -8.206806778907775879e-01
1.156828522682189941e+00 -1.900547742843627930e-01 -8.035560846328735352e-01
1.151573061943054199e+00 -1.718837469816207886e-01 -7.809884548187255859e-01
1.149259209632873535e+00 -1.453801244497299194e-01 -7.515212893486022949e-01
1.149385571479797363e+00 -1.373793482780456543e-01 -7.430593371391296387e-01
1.148702979087829590e+00 -1.285400688648223877e-01 -7.332946062088012695e-01
1.148565053939819336e+00 -1.272713392972946167e-01 -7.318642139434814453e-01
1.142496585845947266e+00 -1.217373535037040710e-01 -7.223887443542480469e-01
1.140628218650817871e+00 -1.203778311610221863e-01 -7.198438644409179688e-01
1.138097882270812988e+00 -1.103024110198020935e-01 -7.077238559722900391e-01
1.140650749206542969e+00 -1.148470044136047363e-01 -7.140376567840576172e-01
1.140830159187316895e+00 -1.222553327679634094e-01 -7.219474315643310547e-01
1.141268968582153320e+00 -1.216714754700660706e-01 -7.215887308120727539e-01
1.140507578849792480e+00 -1.228736713528633118e-01 -7.224099636077880859e-01
1.144693017005920410e+00 -1.235968023538589478e-01 -7.256758809089660645e-01
1.134301543235778809e+00 -9.388816356658935547e-02 -6.881068348884582520e-01
1.128779411315917969e+00 -7.787420600652694702e-02 -6.679049730300903320e-01
1.117138743400573730e+00 -4.402171820402145386e-02 -6.249389648437500000e-01
1.109906673431396484e+00 -1.428724918514490128e-02 -5.888291597366333008e-01
1.102302432060241699e+00 7.520866580307483673e-03 -5.612990260124206543e-01
1.086782455444335938e+00 4.209623113274574280e-02 -5.162219405174255371e-01
1.064535975456237793e+00 8.834388852119445801e-02 -4.555456936359405518e-01
1.033565640449523926e+00 1.389753371477127075e-01 -3.846613764762878418e-01
1.007350444793701172e+00 2.149093002080917358e-01 -2.898758351802825928e-01
8.737455606460571289e-01 4.240837693214416504e-01 2.169794589281082153e-02
8.749889135360717773e-01 4.515343308448791504e-01 5.028066039085388184e-02
8.837984800338745117e-01 4.677078425884246826e-01 6.245659291744232178e-02
8.822213411331176758e-01 4.661744236946105957e-01 6.171379983425140381e-02
8.842960596084594727e-01 4.709419608116149902e-01 6.560738384723663330e-02
8.817774057388305664e-01 4.640552997589111328e-01 5.972179025411605835e-02
8.845746517181396484e-01 4.712492227554321289e-01 6.577515602111816406e-02
8.793652057647705078e-01 4.614844322204589844e-01 5.835685133934020996e-02
8.839075565338134766e-01 4.674431085586547852e-01 6.211559474468231201e-02
8.830733299255371094e-01 4.659507870674133301e-01 6.099906563758850098e-02
8.811820745468139648e-01 4.642412066459655762e-01 6.025223433971405029e-02
8.843326568603515625e-01 4.698386192321777344e-01 6.440900266170501709e-02
8.864561319351196289e-01 4.721357226371765137e-01 6.565076112747192383e-02
8.843275308609008789e-01 4.697311520576477051e-01 6.430740654468536377e-02
8.845676183700561523e-01 4.687798321247100830e-01 6.316010653972625732e-02
8.809803724288940430e-01 4.629792273044586182e-01 5.901937186717987061e-02
8.828084468841552734e-01 4.671544134616851807e-01 6.242011487483978271e-02
8.789747953414916992e-01 4.604554772377014160e-01 5.748374760150909424e-02
8.861484527587890625e-01 4.722385406494140625e-01 6.593525409698486328e-02
8.783895969390869141e-01 4.603841006755828857e-01 5.773133039474487305e-02
8.744913339614868164e-01 4.520619511604309082e-01 5.110254883766174316e-02
8.898339271545410156e-01 4.809525310993194580e-01 7.309782505035400391e-02
8.810455799102783203e-01 4.655828177928924561e-01 6.174552440643310547e-02
8.875616788864135742e-01 4.778893291950225830e-01 7.112714648246765137e-02
8.829224109649658203e-01 4.679348170757293701e-01 6.319496035575866699e-02
8.780194520950317383e-01 4.583173692226409912e-01 5.574913322925567627e-02
8.836971521377563477e-01 4.696268141269683838e-01 6.455117464065551758e-02
8.777344226837158203e-01 4.604399502277374268e-01 5.816956609487533569e-02
8.783239126205444336e-01 4.615625143051147461e-01 5.902248620986938477e-02
8.797100782394409180e-01 4.612447917461395264e-01 5.790460109710693359e-02
8.870179653167724609e-01 4.766359031200408936e-01 7.009848952293395996e-02
8.809163570404052734e-01 4.628792405128479004e-01 5.895216017961502075e-02
8.804619312286376953e-01 4.623717367649078369e-01 5.867928266525268555e-02
8.781312704086303711e-01 4.609631001949310303e-01 5.849063396453857422e-02
8.818639516830444336e-01 4.640347659587860107e-01 5.965200811624526978e-02
8.831543922424316406e-01 4.676655232906341553e-01 6.277279555797576904e-02
1.214837789535522461e+00 -3.644653260707855225e-01 -1.023922324180603027e+00
1.213752388954162598e+00 -3.645435273647308350e-01 -1.023372054100036621e+00
1.214180469512939453e+00 -3.642685711383819580e-01 -1.023319005966186523e+00
1.213970899581909180e+00 -3.634835779666900635e-01 -1.022343993186950684e+00
1.214591741561889648e+00 -3.638808727264404297e-01 -1.023136615753173828e+00
1.209043741226196289e+00 -3.606471121311187744e-01 -1.016439199447631836e+00
1.215395331382751465e+00 -3.628326356410980225e-01 -1.022529602050781250e+00
1.215552568435668945e+00 -3.634491264820098877e-01 -1.023250222206115723e+00
1.216010332107543945e+00 -3.629304468631744385e-01 -1.022966384887695312e+00
1.210649013519287109e+00 -3.644876182079315186e-01 -1.021554470062255859e+00
1.212501645088195801e+00 -3.629630208015441895e-01 -1.020933270454406738e+00
1.214513063430786133e+00 -3.641558885574340820e-01 -1.023389816284179688e+00
1.213885545730590820e+00 -3.645671308040618896e-01 -1.023475885391235352e+00
1.207836866378784180e+00 -3.639816343784332275e-01 -1.019368886947631836e+00
1.199349880218505859e+00 -3.623003363609313965e-01 -1.012763619422912598e+00
1.198512554168701172e+00 -3.599001467227935791e-01 -1.009710431098937988e+00
1.190140008926391602e+00 -3.476203083992004395e-01 -9.920571446418762207e-01
1.181766867637634277e+00 -3.396927416324615479e-01 -9.789556264877319336e-01
1.174518704414367676e+00 -3.359743654727935791e-01 -9.710030555725097656e-01
1.162045359611511230e+00 -3.323709666728973389e-01 -9.601241350173950195e-01
1.149913311004638672e+00 -3.195953071117401123e-01 -9.396425485610961914e-01
1.138827204704284668e+00 -3.108699619770050049e-01 -9.240435361862182617e-01
1.132843494415283203e+00 -3.021033108234405518e-01 -9.113482236862182617e-01
1.127233505249023438e+00 -3.005932271480560303e-01 -9.065060615539550781e-01
1.124061226844787598e+00 -2.963345348834991455e-01 -9.001929759979248047e-01
1.121652603149414062e+00 -2.961001992225646973e-01 -8.985368013381958008e-01
1.118679165840148926e+00 -2.960733175277709961e-01 -8.967725038528442383e-01
1.115956306457519531e+00 -2.931323647499084473e-01 -8.921053409576416016e-01
1.120491027832031250e+00 -2.944633662700653076e-01 -8.961347341537475586e-01
1.119975090026855469e+00 -2.916347086429595947e-01 -8.928724527359008789e-01
1.118386030197143555e+00 -2.943203747272491455e-01 -8.947802186012268066e-01
1.120753884315490723e+00 -2.963858246803283691e-01 -8.983225822448730469e-01
1.119158864021301270e+00 -2.964968085289001465e-01 -8.975096344947814941e-01
1.113456010818481445e+00 -2.962391078472137451e-01 -8.939006328582763672e-01
1.111380696296691895e+00 -2.996454536914825439e-01 -8.962689638137817383e-01
1.097407460212707520e+00 -3.031938374042510986e-01 -8.919248580932617188e-01
1.085081458091735840e+00 -3.075720369815826416e-01 -8.893436789512634277e-01
1.060420870780944824e+00 -3.181287646293640137e-01 -8.860989809036254883e-01
1.035404562950134277e+00 -3.318258225917816162e-01 -8.855693340301513672e-01
1.008280754089355469e+00 -3.443246185779571533e-01 -8.824466466903686523e-01
9.760870933532714844e-01 -3.544316589832305908e-01 -8.737683296203613281e-01
9.604477882385253906e-01 -3.608196675777435303e-01 -8.711259365081787109e-01
9.504780769348144531e-01 -3.611458241939544678e-01 -8.653452992439270020e-01
9.372230768203735352e-01 -3.651784360408782959e-01 -8.615434169769287109e-01
9.176957607269287109e-01 -3.734209239482879639e-01 -8.585951924324035645e-01
8.940541744232177734e-01 -3.828321993350982666e-01 -8.544796705245971680e-01
8.984855413436889648e-01 -3.766228258609771729e-01 -8.504805564880371094e-01
8.883713483810424805e-01 -3.834758698940277100e-01 -8.517040610313415527e-01
9.006093740463256836e-01 -3.782064020633697510e-01 -8.533860445022583008e-01
9.055091142654418945e-01 -3.742116987705230713e-01 -8.520284295082092285e-01
8.987343311309814453e-01 -3.745315372943878174e-01 -8.483039140701293945e-01
9.038670063018798828e-01 -3.722240626811981201e-01 -8.489509820938110352e-01
9.110906124114990234e-01 -3.570672869682312012e-01 -8.371220827102661133e-01
9.136077165603637695e-01 -3.671668469905853271e-01 -8.493244647979736328e-01
9.214576482772827148e-01 -2.954675257205963135e-01 -7.779722213745117188e-01
9.119946956634521484e-01 -2.449165433645248413e-01 -7.190241217613220215e-01
9.178936481475830078e-01 -1.784624159336090088e-01 -6.522923707962036133e-01
9.197304248809814453e-01 -1.342656165361404419e-01 -6.063241362571716309e-01
9.157133102416992188e-01 -1.044279709458351135e-01 -5.721545219421386719e-01
8.991937637329101562e-01 -3.837075829505920410e-02 -4.949095547199249268e-01
8.944731950759887695e-01 3.743703290820121765e-02 -4.139559268951416016e-01
8.747285604476928711e-01 9.248039871454238892e-02 -3.436121344566345215e-01
8.496439456939697266e-01 1.866638660430908203e-01 -2.277570068836212158e-01
7.652080059051513672e-01 3.818029463291168213e-01 3.639335185289382935e-02
7.687385082244873047e-01 3.911333978176116943e-01 4.329360276460647583e-02
7.677495479583740234e-01 3.959450423717498779e-01 4.804881662130355835e-02
7.669312953948974609e-01 4.008315503597259521e-01 5.283091217279434204e-02
7.675307989120483398e-01 3.995929360389709473e-01 5.145536363124847412e-02
7.673443555831909180e-01 4.021594524383544922e-01 5.382866412401199341e-02
7.669227123260498047e-01 3.984761834144592285e-01 5.066432803869247437e-02
7.665663957595825195e-01 4.000937640666961670e-01 5.230502784252166748e-02
