-5.850495100021362305e-01 -2.843030393123626709e-01 1.078742861747741699e+00
-6.113469004631042480e-01 -3.428487777709960938e-01 9.854451417922973633e-01
-6.303684115409851074e-01 -3.820609450340270996e-01 9.315732717514038086e-01
-6.587246656417846680e-01 -4.345649778842926025e-01 8.763884305953979492e-01
-6.618670225143432617e-01 -5.044420957565307617e-01 7.545206546783447266e-01
-6.744928956031799316e-01 -5.896005630493164062e-01 6.117461919784545898e-01
-7.172685861587524414e-01 -7.087686061859130859e-01 3.280746638774871826e-01
-7.220594882965087891e-01 -7.328456640243530273e-01 2.940553426742553711e-01
-7.217181324958801270e-01 -7.335571050643920898e-01 2.922385334968566895e-01
-7.210652828216552734e-01 -7.368658781051635742e-01 2.853006124496459961e-01
-7.199730873107910156e-01 -7.413785457611083984e-01 2.753606438636779785e-01
-7.208946943283081055e-01 -7.390217781066894531e-01 2.810882329940795898e-01
-7.205067873001098633e-01 -7.408244609832763672e-01 2.772346436977386475e-01
-7.216143608093261719e-01 -7.371790409088134766e-01 2.855103909969329834e-01
-7.214807868003845215e-01 -7.367388010025024414e-01 2.860532701015472412e-01
-7.208528518676757812e-01 -7.399537563323974609e-01 2.793002426624298096e-01
-7.195909023284912109e-01 -7.402905225753784180e-01 2.767362892627716064e-01
-7.202126979827880859e-01 -7.400205135345458984e-01 2.782163023948669434e-01
-7.209257483482360840e-01 -7.379980087280273438e-01 2.829701304435729980e-01
-7.208880186080932617e-01 -7.410172224044799805e-01 2.774385511875152588e-01
-7.201937437057495117e-01 -7.402518987655639648e-01 2.777531743049621582e-01
-7.201321125030517578e-01 -7.420312166213989258e-01 2.744086980819702148e-01
-7.200154066085815430e-01 -7.398015260696411133e-01 2.783439755439758301e-01
-7.219893336296081543e-01 -7.364952564239501953e-01 2.872819900512695312e-01
-7.206032872200012207e-01 -7.385319471359252930e-01 2.815424501895904541e-01
-7.213185429573059082e-01 -7.385874986648559570e-01 2.824808061122894287e-01
-7.210836410522460938e-01 -7.371090650558471680e-01 2.848205268383026123e-01
-7.204358577728271484e-01 -7.395863533020019531e-01 2.793236970901489258e-01
-7.201427221298217773e-01 -7.398405075073242188e-01 2.784523367881774902e-01
-7.205230593681335449e-01 -7.378286123275756836e-01 2.826731503009796143e-01
-7.199617624282836914e-01 -7.404375076293945312e-01 2.770459651947021484e-01
-7.204043865203857422e-01 -7.378358840942382812e-01 2.825019657611846924e-01
-7.197970151901245117e-01 -7.415705919265747070e-01 2.747632563114166260e-01
-7.196857333183288574e-01 -7.426296472549438477e-01 2.726770639419555664e-01
-7.213488221168518066e-01 -7.367590665817260742e-01 2.858891785144805908e-01
-7.198909521102905273e-01 -7.393889427185058594e-01 2.788885831832885742e-01
-7.202908992767333984e-01 -7.396656274795532227e-01 2.790213227272033691e-01
-7.205021381378173828e-01 -7.399096488952636719e-01 2.788441777229309082e-01
-7.206385731697082520e-01 -7.370593547821044922e-01 2.842296957969665527e-01
-7.217471003532409668e-01 -7.358596324920654297e-01 2.881031632423400879e-01
-7.201229929924011230e-01 -7.393299341201782227e-01 2.792834937572479248e-01
-7.192153334617614746e-01 -7.426382303237915039e-01 2.719319462776184082e-01
-5.079060196876525879e-01 4.155352711677551270e-03 1.564369559288024902e+00
-5.082044005393981934e-01 3.401607275009155273e-03 1.563033938407897949e+00
-5.078196525573730469e-01 3.804147243499755859e-03 1.562335371971130371e+00
-5.057790279388427734e-01 3.876999020576477051e-03 1.558857679367065430e+00
-5.074355602264404297e-01 3.770604729652404785e-03 1.561958432197570801e+00
-5.059735178947448730e-01 3.629669547080993652e-03 1.557508826255798340e+00
-5.068067312240600586e-01 4.450693726539611816e-03 1.561255335807800293e+00
-5.074372887611389160e-01 3.513529896736145020e-03 1.562356352806091309e+00
-5.096017718315124512e-01 4.191175103187561035e-03 1.566629052162170410e+00
-5.078775882720947266e-01 3.592208027839660645e-03 1.562566280364990234e+00
-5.051661729812622070e-01 3.626555204391479492e-03 1.557670474052429199e+00
-5.086057186126708984e-01 3.865018486976623535e-03 1.566186547279357910e+00
-5.088152885437011719e-01 2.629265189170837402e-03 1.560227751731872559e+00
-5.143332481384277344e-01 -2.866208553314208984e-03 1.556505560874938965e+00
-5.147694349288940430e-01 -4.129558801651000977e-03 1.561202645301818848e+00
-5.232464671134948730e-01 -1.468437910079956055e-02 1.552250742912292480e+00
-5.295545458793640137e-01 -2.630110085010528564e-02 1.538068294525146484e+00
-5.315533876419067383e-01 -3.605867922306060791e-02 1.519853830337524414e+00
-5.389068722724914551e-01 -4.780112206935882568e-02 1.503786206245422363e+00
-5.450675487518310547e-01 -5.815444886684417725e-02 1.489410519599914551e+00
-5.499669313430786133e-01 -6.753319501876831055e-02 1.476203560829162598e+00
-5.585430860519409180e-01 -8.202823996543884277e-02 1.456738948822021484e+00
-5.633686780929565430e-01 -9.123855829238891602e-02 1.444277882575988770e+00
-5.661010146141052246e-01 -9.593343734741210938e-02 1.438043832778930664e+00
-5.666480660438537598e-01 -9.732429683208465576e-02 1.436184287071228027e+00
-5.692923069000244141e-01 -1.021325439214706421e-01 1.429495573043823242e+00
-5.707490444183349609e-01 -1.048306226730346680e-01 1.425607800483703613e+00
-5.708472132682800293e-01 -1.046734452247619629e-01 1.426050662994384766e+00
-5.741102695465087891e-01 -1.096430569887161255e-01 1.423534750938415527e+00
-5.690491795539855957e-01 -1.014545112848281860e-01 1.430655002593994141e+00
-5.716372728347778320e-01 -1.064484417438507080e-01 1.423485517501831055e+00
-5.709619522094726562e-01 -1.051090359687805176e-01 1.425409793853759766e+00
-5.698301196098327637e-01 -1.038745194673538208e-01 1.426590085029602051e+00
-5.718112587928771973e-01 -1.085703074932098389e-01 1.419538021087646484e+00
-5.719354152679443359e-01 -1.107558757066726685e-01 1.415441393852233887e+00
-5.755369663238525391e-01 -1.205196529626846313e-01 1.400739073753356934e+00
-5.817455053329467773e-01 -1.307010203599929810e-01 1.387845873832702637e+00
-5.924563407897949219e-01 -1.477573066949844360e-01 1.367943406105041504e+00
-6.038030982017517090e-01 -1.656720191240310669e-01 1.347460627555847168e+00
-6.076065301895141602e-01 -1.766143292188644409e-01 1.329681277275085449e+00
-6.109748482704162598e-01 -1.849969625473022461e-01 1.316654086112976074e+00
-6.100957393646240234e-01 -1.947188973426818848e-01 1.295672297477722168e+00
-6.098217964172363281e-01 -2.021641731262207031e-01 1.280516028404235840e+00
-6.145137548446655273e-01 -2.117058336734771729e-01 1.267112731933593750e+00
-6.171448230743408203e-01 -2.200088948011398315e-01 1.253455281257629395e+00
-6.181764006614685059e-01 -2.214689999818801880e-01 1.251791119575500488e+00
-6.190791726112365723e-01 -2.256373167037963867e-01 1.244660258293151855e+00
-6.186394095420837402e-01 -2.242166697978973389e-01 1.246842145919799805e+00
-6.181877255439758301e-01 -2.274134904146194458e-01 1.240356087684631348e+00
-6.211901307106018066e-01 -2.328296750783920288e-01 1.233889341354370117e+00
-6.208565235137939453e-01 -2.292049080133438110e-01 1.240439295768737793e+00
-6.214063763618469238e-01 -2.287983894348144531e-01 1.241943836212158203e+00
-6.228414773941040039e-01 -2.319413423538208008e-01 1.237646222114562988e+00
-6.247845888137817383e-01 -2.380581200122833252e-01 1.229097723960876465e+00
-6.265152096748352051e-01 -2.378761470317840576e-01 1.232608675956726074e+00
-6.389852762222290039e-01 -2.515930533409118652e-01 1.226067423820495605e+00
-6.522181630134582520e-01 -2.861683666706085205e-01 1.181768894195556641e+00
-6.565950512886047363e-01 -3.046061396598815918e-01 1.154476046562194824e+00
-6.630073785781860352e-01 -3.327219188213348389e-01 1.112824320793151855e+00
-6.750192642211914062e-01 -3.732686638832092285e-01 1.054173946380615234e+00
-6.897192001342773438e-01 -4.160388112068176270e-01 9.825686216354370117e-01
-6.900602579116821289e-01 -4.584378898143768311e-01 8.897222280502319336e-01
-6.998637914657592773e-01 -5.100762844085693359e-01 8.013505935668945312e-01
-7.117779254913330078e-01 -6.099926829338073730e-01 6.354327201843261719e-01
-7.409151196479797363e-01 -6.964931488037109375e-01 4.250947833061218262e-01
-7.453352212905883789e-01 -7.384374141693115234e-01 3.195683956146240234e-01
-7.472173571586608887e-01 -7.493084669113159180e-01 3.058430850505828857e-01
-7.482556104660034180e-01 -7.623833417892456055e-01 2.851011157035827637e-01
-7.473767995834350586e-01 -7.478725910186767578e-01 3.085442483425140381e-01
-7.466105818748474121e-01 -7.520892620086669922e-01 3.002644777297973633e-01
-7.503261566162109375e-01 -7.663905620574951172e-01 2.811325788497924805e-01
-7.474822402000427246e-01 -7.491220235824584961e-01 3.065473139286041260e-01
-7.479357719421386719e-01 -7.596954107284545898e-01 2.893548905849456787e-01
-7.485190033912658691e-01 -7.604658603668212891e-01 2.888541817665100098e-01
-7.493038773536682129e-01 -7.677036523818969727e-01 2.773299813270568848e-01
-7.457168102264404297e-01 -7.475541830062866211e-01 3.066840171813964844e-01
-7.474745512008666992e-01 -7.603056430816650391e-01 2.876038551330566406e-01
-7.463383078575134277e-01 -7.455382347106933594e-01 3.110441565513610840e-01
-7.469149827957153320e-01 -7.586858272552490234e-01 2.895982563495635986e-01
-7.476858496665954590e-01 -7.450326681137084961e-01 3.138450682163238525e-01
-7.467600703239440918e-01 -7.551100254058837891e-01 2.953982353210449219e-01
-7.487980127334594727e-01 -7.620470523834228516e-01 2.865068316459655762e-01
-7.472333908081054688e-01 -7.447147369384765625e-01 3.137501478195190430e-01
-7.480480670928955078e-01 -7.495509386062622070e-01 3.066367805004119873e-01
-7.466779351234436035e-01 -7.527793645858764648e-01 2.992017865180969238e-01
-7.470272183418273926e-01 -7.446426153182983398e-01 3.135797083377838135e-01
-7.463360428810119629e-01 -7.525503635406494141e-01 2.991002202033996582e-01
-7.488859891891479492e-01 -7.635399103164672852e-01 2.840197682380676270e-01
-7.473089098930358887e-01 -7.510553598403930664e-01 3.030026257038116455e-01
-7.485716342926025391e-01 -7.611632347106933594e-01 2.877060174942016602e-01
-7.462462186813354492e-01 -7.474868297576904297e-01 3.075715601444244385e-01
-7.474148273468017578e-01 -7.492252588272094727e-01 3.062811195850372314e-01
-7.466880083084106445e-01 -7.547210454940795898e-01 2.959503233432769775e-01
-7.467430830001831055e-01 -7.475687265396118164e-01 3.081468343734741211e-01
-7.465839385986328125e-01 -7.456010580062866211e-01 3.112996220588684082e-01
-7.472201585769653320e-01 -7.590614557266235352e-01 2.894096672534942627e-01
-7.472879886627197266e-01 -7.423624992370605469e-01 3.168814778327941895e-01
-7.460908293724060059e-01 -7.524031400680541992e-01 2.990034222602844238e-01
-7.485920190811157227e-01 -7.637515068054199219e-01 2.832018136978149414e-01
-5.075073242187500000e-01 4.522293806076049805e-03 1.562663435935974121e+00
-5.050642490386962891e-01 3.592520952224731445e-03 1.559601187705993652e+00
-5.053628683090209961e-01 3.801196813583374023e-03 1.558791756629943848e+00
-5.078305602073669434e-01 3.892078995704650879e-03 1.563955664634704590e+00
-5.085744857788085938e-01 2.408176660537719727e-03 1.560300946235656738e+00
-5.073536038398742676e-01 4.121258854866027832e-03 1.562180042266845703e+00
-5.078468322753906250e-01 3.562942147254943848e-03 1.562225222587585449e+00
-5.068800449371337891e-01 4.523903131484985352e-03 1.562511563301086426e+00
-5.052751302719116211e-01 3.451749682426452637e-03 1.558010578155517578e+00
-5.080220103263854980e-01 4.272103309631347656e-03 1.565513730049133301e+00
-5.072325468063354492e-01 3.851860761642456055e-03 1.561839818954467773e+00
-5.069124698638916016e-01 3.725022077560424805e-03 1.561652541160583496e+00
-5.094494223594665527e-01 3.310307860374450684e-03 1.564880251884460449e+00
-5.108829140663146973e-01 1.387313008308410645e-03 1.560521245002746582e+00
-5.120406150817871094e-01 -1.077219843864440918e-03 1.560589432716369629e+00
-5.232450366020202637e-01 -1.483415067195892334e-02 1.552170991897583008e+00
-5.298310518264770508e-01 -2.624167501926422119e-02 1.538102030754089355e+00
-5.330021977424621582e-01 -3.575846552848815918e-02 1.522422432899475098e+00
-5.377379655838012695e-01 -4.987634718418121338e-02 1.499647498130798340e+00
-5.469604730606079102e-01 -5.899754166603088379e-02 1.489578485488891602e+00
-5.493237972259521484e-01 -6.848435103893280029e-02 1.474534749984741211e+00
-5.557867884635925293e-01 -7.717752456665039062e-02 1.463479161262512207e+00
-5.633931756019592285e-01 -9.178726375102996826e-02 1.444991946220397949e+00
-5.659499764442443848e-01 -9.656216204166412354e-02 1.437338113784790039e+00
-5.681322216987609863e-01 -9.959982335567474365e-02 1.433063387870788574e+00
-5.696158409118652344e-01 -1.023428440093994141e-01 1.429294347763061523e+00
-5.732554197311401367e-01 -1.086114794015884399e-01 1.424091696739196777e+00
-5.700978636741638184e-01 -1.036964803934097290e-01 1.427205801010131836e+00
-5.723939538002014160e-01 -1.071657538414001465e-01 1.424258351325988770e+00
-5.700823664665222168e-01 -1.032329648733139038e-01 1.427994370460510254e+00
-5.706713795661926270e-01 -1.048987209796905518e-01 1.425399899482727051e+00
-5.715829133987426758e-01 -1.070234179496765137e-01 1.422328352928161621e+00
-5.706576108932495117e-01 -1.053766310214996338e-01 1.424465537071228027e+00
-5.716209411621093750e-01 -1.079480051994323730e-01 1.420395016670227051e+00
-5.718630552291870117e-01 -1.112688183784484863e-01 1.414355754852294922e+00
-5.741512775421142578e-01 -1.179372966289520264e-01 1.403935551643371582e+00
-5.817418694496154785e-01 -1.308239996433258057e-01 1.387691736221313477e+00
-5.916193723678588867e-01 -1.468958556652069092e-01 1.368437170982360840e+00
-6.017391681671142578e-01 -1.630652099847793579e-01 1.349538922309875488e+00
-6.078351736068725586e-01 -1.769619435071945190e-01 1.329559326171875000e+00
-6.087687015533447266e-01 -1.835198998451232910e-01 1.316727638244628906e+00
-6.098259091377258301e-01 -1.947350949048995972e-01 1.295308589935302734e+00
-6.105023622512817383e-01 -2.013413310050964355e-01 1.282453417778015137e+00
-6.133147478103637695e-01 -2.112282514572143555e-01 1.266253829002380371e+00
-6.178109645843505859e-01 -2.223119139671325684e-01 1.249562382698059082e+00
-6.191141009330749512e-01 -2.242448776960372925e-01 1.247615933418273926e+00
-6.182835102081298828e-01 -2.259331494569778442e-01 1.243479609489440918e+00
-6.178284883499145508e-01 -2.231999933719635010e-01 1.247789740562438965e+00
-6.200679540634155273e-01 -2.341404408216476440e-01 1.230147242546081543e+00
-6.181669235229492188e-01 -2.228786349296569824e-01 1.248855352401733398e+00
-6.216068267822265625e-01 -2.316847741603851318e-01 1.236557841300964355e+00
-6.204427480697631836e-01 -2.288755774497985840e-01 1.240318655967712402e+00
-6.174573302268981934e-01 -2.211518883705139160e-01 1.250884056091308594e+00
-6.162396669387817383e-01 -2.229582071304321289e-01 1.245957016944885254e+00
-6.219496726989746094e-01 -2.423557043075561523e-01 1.215951561927795410e+00
-6.261843442916870117e-01 -2.539469003677368164e-01 1.198674440383911133e+00
-6.335386037826538086e-01 -2.707466185092926025e-01 1.175410389900207520e+00
-6.503801345825195312e-01 -3.122776448726654053e-01 1.109753370285034180e+00
-6.534413695335388184e-01 -3.435025513172149658e-01 1.047387599945068359e+00
-6.601796746253967285e-01 -3.816556036472320557e-01 9.821032285690307617e-01
-6.713516712188720703e-01 -4.246248900890350342e-01 9.149204492568969727e-01
-6.877461671829223633e-01 -4.882530570030212402e-01 8.176617622375488281e-01
-6.988673210144042969e-01 -5.791206359863281250e-01 6.548337936401367188e-01
-7.279419302940368652e-01 -6.976830959320068359e-01 3.697476983070373535e-01
-7.275856137275695801e-01 -7.333139181137084961e-01 3.054951429367065430e-01
-7.126230001449584961e-01 -7.425093650817871094e-01 2.671966850757598877e-01
-7.127683162689208984e-01 -7.380782365798950195e-01 2.753990888595581055e-01
-7.156469225883483887e-01 -7.373632192611694336e-01 2.810736894607543945e-01
-7.128150463104248047e-01 -7.379943132400512695e-01 2.756282091140747070e-01
-7.132718563079833984e-01 -7.402635812759399414e-01 2.723039984703063965e-01
-7.164686322212219238e-01 -7.419720888137817383e-01 2.741251289844512939e-01
-7.126817107200622559e-01 -7.408919334411621094e-01 2.701425850391387939e-01
-7.130903601646423340e-01 -7.397799491882324219e-01 2.728450894355773926e-01
-7.129105925559997559e-01 -7.412157058715820312e-01 2.700074315071105957e-01
-7.128063440322875977e-01 -7.421844005584716797e-01 2.680717408657073975e-01
-7.179802060127258301e-01 -7.405477762222290039e-01 2.789613902568817139e-01
-7.194993495941162109e-01 -7.377912998199462891e-01 2.861643433570861816e-01
-7.128771543502807617e-01 -7.385910749435424805e-01 2.746370136737823486e-01
-7.133448123931884766e-01 -7.393863201141357422e-01 2.739633321762084961e-01
-7.139194011688232422e-01 -7.386001348495483398e-01 2.762299180030822754e-01
-7.181426286697387695e-01 -7.416166067123413086e-01 2.772994637489318848e-01
-7.128164768218994141e-01 -7.422306537628173828e-01 2.680514752864837646e-01
-7.124004960060119629e-01 -7.421358823776245117e-01 2.675255537033081055e-01
-7.179723381996154785e-01 -7.400058507919311523e-01 2.799256742000579834e-01
-7.129267454147338867e-01 -7.426164150238037109e-01 2.674881815910339355e-01
-7.224371433258056641e-01 -7.389863729476928711e-01 2.885155677795410156e-01
-7.129850983619689941e-01 -7.404776811599731445e-01 2.713681757450103760e-01
-7.190982699394226074e-01 -7.412722110748291016e-01 2.793782949447631836e-01
-7.176324129104614258e-01 -7.406307458877563477e-01 2.782803475856781006e-01
-7.124057412147521973e-01 -7.421212196350097656e-01 2.675312161445617676e-01
-7.180873155593872070e-01 -7.390137910842895508e-01 2.818313837051391602e-01
-7.138382792472839355e-01 -7.384393215179443359e-01 2.764055132865905762e-01
-7.214316725730895996e-01 -7.394082546234130859e-01 2.862201333045959473e-01
-7.183057665824890137e-01 -7.396951913833618164e-01 2.809661030769348145e-01
-7.180047631263732910e-01 -7.387685775756835938e-01 2.821564674377441406e-01
-7.132859230041503906e-01 -7.407498359680175781e-01 2.713868618011474609e-01
-7.150146365165710449e-01 -7.401117086410522461e-01 2.752278149127960205e-01
-7.128105163574218750e-01 -7.384377717971801758e-01 2.748112678527832031e-01
-7.128025293350219727e-01 -7.415692806243896484e-01 2.691783308982849121e-01
-5.096142292022705078e-01 2.744555473327636719e-03 1.562260866165161133e+00
-5.058977603912353516e-01 3.623038530349731445e-03 1.559718132019042969e+00
-5.065324306488037109e-01 4.445150494575500488e-03 1.562298178672790527e+00
-5.094147324562072754e-01 4.774898290634155273e-03 1.567406535148620605e+00
-5.088058710098266602e-01 3.279969096183776855e-03 1.562472224235534668e+00
-5.075238943099975586e-01 3.382146358489990234e-03 1.561246156692504883e+00
-5.077664852142333984e-01 2.539262175559997559e-03 1.559170842170715332e+00
-5.084701180458068848e-01 4.043981432914733887e-03 1.565965533256530762e+00
-5.090720653533935547e-01 4.116207361221313477e-03 1.565458178520202637e+00
-5.071002840995788574e-01 4.093542695045471191e-03 1.561890482902526855e+00
-5.085248351097106934e-01 4.120543599128723145e-03 1.565654993057250977e+00
-5.091489553451538086e-01 1.995980739593505859e-03 1.560021996498107910e+00
-5.058468580245971680e-01 3.720730543136596680e-03 1.557871222496032715e+00
-5.023742914199829102e-01 4.426822066307067871e-03 1.554087162017822266e+00
-4.979065358638763428e-01 4.828214645385742188e-03 1.546102404594421387e+00
-4.882739484310150146e-01 4.873842000961303711e-03 1.529560923576354980e+00
-4.796155393123626709e-01 3.646269440650939941e-03 1.511724829673767090e+00
-4.729008376598358154e-01 1.261323690414428711e-03 1.492369651794433594e+00
-4.679396450519561768e-01 -2.127632498741149902e-03 1.476673483848571777e+00
-4.566245377063751221e-01 -4.084259271621704102e-03 1.452846646308898926e+00
-4.546273648738861084e-01 -7.510170340538024902e-03 1.442414045333862305e+00
-4.494051337242126465e-01 -9.192332625389099121e-03 1.429370760917663574e+00
-4.485387206077575684e-01 -1.531496644020080566e-02 1.416408896446228027e+00
-4.418097436428070068e-01 -1.328271627426147461e-02 1.407929897308349609e+00
-4.440930187702178955e-01 -1.389299333095550537e-02 1.410359501838684082e+00
-4.413706064224243164e-01 -1.445011794567108154e-02 1.404647231101989746e+00
-4.413833916187286377e-01 -1.550924777984619141e-02 1.402643322944641113e+00
-4.417327344417572021e-01 -1.523031294345855713e-02 1.403755068778991699e+00
-4.438118040561676025e-01 -1.405954360961914062e-02 1.409096598625183105e+00
-4.376211464405059814e-01 -1.413218677043914795e-02 1.398842692375183105e+00
-4.411623775959014893e-01 -1.620209217071533203e-02 1.400866389274597168e+00
-4.386005103588104248e-01 -1.423986256122589111e-02 1.400451779365539551e+00
-4.397291243076324463e-01 -1.323167979717254639e-02 1.403710246086120605e+00
-4.338349401950836182e-01 -1.178699731826782227e-02 1.396527647972106934e+00
-4.249754846096038818e-01 -9.337276220321655273e-03 1.386119723320007324e+00
-4.145932495594024658e-01 -7.306739687919616699e-03 1.372056841850280762e+00
-4.023459553718566895e-01 -2.842739224433898926e-03 1.357148289680480957e+00
-3.953677713871002197e-01 -4.548609256744384766e-03 1.337582588195800781e+00
-3.895836472511291504e-01 -5.513250827789306641e-03 1.322120904922485352e+00
-3.749755918979644775e-01 -3.669396042823791504e-03 1.300587534904479980e+00
-3.607225418090820312e-01 -6.022304296493530273e-04 1.281445384025573730e+00
-3.532319366931915283e-01 7.683038711547851562e-05 1.270233631134033203e+00
-3.544936478137969971e-01 -7.496848702430725098e-03 1.255619168281555176e+00
-3.331133127212524414e-01 -1.937389373779296875e-03 1.232883930206298828e+00
-3.314402103424072266e-01 -4.077747464179992676e-03 1.225005984306335449e+00
-3.345715701580047607e-01 -9.591400623321533203e-03 1.219001054763793945e+00
-3.436984717845916748e-01 -2.417315542697906494e-02 1.201303720474243164e+00
-3.282024562358856201e-01 -9.532749652862548828e-03 1.208363175392150879e+00
-3.326320350170135498e-01 -1.112709939479827881e-02 1.212248444557189941e+00
-3.298440873622894287e-01 -1.035846769809722900e-02 1.209033966064453125e+00
-3.358063995838165283e-01 -1.972660422325134277e-02 1.198341131210327148e+00
-3.363341987133026123e-01 -1.438650488853454590e-02 1.211008429527282715e+00
-3.187799751758575439e-01 -3.194198012351989746e-03 1.205609679222106934e+00
-3.138704895973205566e-01 7.241964340209960938e-05 1.204466223716735840e+00
-2.979649007320404053e-01 1.613539457321166992e-02 1.210619211196899414e+00
-2.420277893543243408e-01 5.790393054485321045e-02 1.201111435890197754e+00
-1.968522071838378906e-01 9.254094958305358887e-02 1.192777991294860840e+00
-1.447129547595977783e-01 1.303121745586395264e-01 1.178065419197082520e+00
-6.013125926256179810e-02 1.823748350143432617e-01 1.134833335876464844e+00
-1.592673361301422119e-03 2.184295058250427246e-01 1.103405833244323730e+00
5.310416966676712036e-02 2.464645802974700928e-01 1.069403409957885742e+00
1.220956817269325256e-01 2.760671079158782959e-01 1.018149733543395996e+00
2.220775485038757324e-01 3.205655813217163086e-01 9.432495832443237305e-01
3.060716390609741211e-01 3.671306669712066650e-01 9.035865068435668945e-01
4.567241668701171875e-01 4.457038342952728271e-01 7.842971086502075195e-01
5.498925447463989258e-01 4.923602640628814697e-01 6.887292861938476562e-01
4.912311136722564697e-01 4.640071094036102295e-01 7.373844385147094727e-01
5.459705591201782227e-01 4.899175465106964111e-01 6.908590793609619141e-01
5.095308423042297363e-01 4.738803803920745850e-01 7.122334241867065430e-01
5.542626976966857910e-01 4.950635731220245361e-01 6.881000995635986328e-01
5.564395189285278320e-01 4.960416853427886963e-01 6.859883069992065430e-01
5.417224168777465820e-01 4.857224524021148682e-01 6.888794302940368652e-01
5.622874498367309570e-01 5.002379417419433594e-01 6.843670606613159180e-01
5.466814637184143066e-01 4.909529387950897217e-01 6.911742687225341797e-01
5.551041364669799805e-01 4.947605431079864502e-01 6.858590841293334961e-01
5.534734725952148438e-01 4.951753914356231689e-01 6.901926994323730469e-01
5.543578267097473145e-01 4.955731332302093506e-01 6.886541247367858887e-01
5.530761480331420898e-01 4.945775568485260010e-01 6.888188123703002930e-01
5.624850392341613770e-01 5.017447471618652344e-01 6.877382993698120117e-01
5.492546558380126953e-01 4.918125569820404053e-01 6.895234584808349609e-01
5.538725256919860840e-01 4.953258931636810303e-01 6.899775266647338867e-01
5.497053265571594238e-01 4.939218461513519287e-01 6.928774118423461914e-01
5.595073699951171875e-01 4.990658462047576904e-01 6.865767240524291992e-01
5.498681068420410156e-01 4.918388426303863525e-01 6.893339753150939941e-01
5.483699440956115723e-01 4.909868538379669189e-01 6.894515752792358398e-01
5.633855462074279785e-01 5.018236637115478516e-01 6.860439777374267578e-01
5.520743131637573242e-01 4.945538938045501709e-01 6.910227537155151367e-01
5.459601283073425293e-01 4.895598590373992920e-01 6.902897357940673828e-01
5.594805479049682617e-01 4.983523190021514893e-01 6.860820651054382324e-01
5.378174781799316406e-01 4.857604801654815674e-01 6.938369274139404297e-01
5.587083101272583008e-01 4.980264604091644287e-01 6.868898868560791016e-01
5.626159310340881348e-01 5.005098581314086914e-01 6.843385696411132812e-01
5.086779594421386719e-01 4.722502529621124268e-01 7.105386257171630859e-01
5.558606386184692383e-01 4.958855211734771729e-01 6.864691972732543945e-01
5.596886873245239258e-01 4.973866045475006104e-01 6.832069158554077148e-01
5.498625040054321289e-01 4.914867579936981201e-01 6.883136034011840820e-01
5.516012907028198242e-01 4.929540455341339111e-01 6.880738735198974609e-01
5.557007789611816406e-01 4.956844151020050049e-01 6.870790719985961914e-01
5.564769506454467773e-01 4.970773756504058838e-01 6.881880760192871094e-01
-5.088719725608825684e-01 3.554508090019226074e-03 1.564435005187988281e+00
-5.064232945442199707e-01 3.958731889724731445e-03 1.559999346733093262e+00
-5.093582868576049805e-01 3.356710076332092285e-03 1.564551830291748047e+00
-5.095902681350708008e-01 3.711819648742675781e-03 1.565150141716003418e+00
-5.088182091712951660e-01 3.059327602386474609e-03 1.562701582908630371e+00
-5.073416829109191895e-01 3.784701228141784668e-03 1.561995267868041992e+00
-5.076435208320617676e-01 3.316670656204223633e-03 1.560364723205566406e+00
-5.077927112579345703e-01 3.813847899436950684e-03 1.563352227210998535e+00
-5.090736746788024902e-01 2.851784229278564453e-03 1.560620903968811035e+00
-5.061501860618591309e-01 4.873678088188171387e-03 1.562471628189086914e+00
-5.066742897033691406e-01 4.162415862083435059e-03 1.560917258262634277e+00
-5.030304789543151855e-01 4.230037331581115723e-03 1.555718302726745605e+00
-5.058435797691345215e-01 3.646478056907653809e-03 1.558031201362609863e+00
-5.017554759979248047e-01 5.085512995719909668e-03 1.554345250129699707e+00
-5.022898912429809570e-01 5.024567246437072754e-03 1.554598450660705566e+00
-4.890066087245941162e-01 4.930987954139709473e-03 1.531027436256408691e+00
-4.808580577373504639e-01 3.486216068267822266e-03 1.511553764343261719e+00
-4.757693111896514893e-01 1.208394765853881836e-03 1.497802853584289551e+00
-4.675112366676330566e-01 -2.720057964324951172e-03 1.475410342216491699e+00
-4.625803530216217041e-01 -4.962369799613952637e-03 1.461670875549316406e+00
-4.558541774749755859e-01 -8.967608213424682617e-03 1.441493511199951172e+00
-4.495821893215179443e-01 -1.010076701641082764e-02 1.428096413612365723e+00
-4.416335523128509521e-01 -9.554445743560791016e-03 1.414686322212219238e+00
-4.421386420726776123e-01 -1.323497295379638672e-02 1.408459067344665527e+00
-4.386830627918243408e-01 -1.272821426391601562e-02 1.403373599052429199e+00
-4.408713281154632568e-01 -1.287856698036193848e-02 1.406025052070617676e+00
-4.432052075862884521e-01 -1.650358736515045166e-02 1.403929352760314941e+00
-4.433384835720062256e-01 -1.578673720359802246e-02 1.405681490898132324e+00
-4.417707622051239014e-01 -1.512834429740905762e-02 1.403813004493713379e+00
-4.398443996906280518e-01 -1.498623192310333252e-02 1.401235222816467285e+00
-4.439517259597778320e-01 -1.668296754360198975e-02 1.404370069503784180e+00
-4.402078688144683838e-01 -1.340846717357635498e-02 1.404210686683654785e+00
-4.437983334064483643e-01 -1.907630264759063721e-02 1.399591326713562012e+00
-4.458794891834259033e-01 -1.807172596454620361e-02 1.403936266899108887e+00
-4.543502032756805420e-01 -3.503014147281646729e-02 1.381927132606506348e+00
-4.658493101596832275e-01 -5.714991688728332520e-02 1.354230642318725586e+00
-4.730462729930877686e-01 -6.634142994880676270e-02 1.346196770668029785e+00
-4.870298802852630615e-01 -8.315475285053253174e-02 1.334048390388488770e+00
-4.959451854228973389e-01 -9.413227438926696777e-02 1.325522541999816895e+00
-5.104150772094726562e-01 -1.135393530130386353e-01 1.308620929718017578e+00
-5.268296599388122559e-01 -1.358697563409805298e-01 1.286649107933044434e+00
-5.439887046813964844e-01 -1.602729260921478271e-01 1.263583302497863770e+00
-5.517515540122985840e-01 -1.743293404579162598e-01 1.248120903968811035e+00
-5.562803149223327637e-01 -1.838892996311187744e-01 1.236469984054565430e+00
-5.649554133415222168e-01 -1.930663436651229858e-01 1.231924414634704590e+00
-5.689049363136291504e-01 -2.001151740550994873e-01 1.223971843719482422e+00
-5.707624554634094238e-01 -2.003008574247360229e-01 1.227671980857849121e+00
-5.681702494621276855e-01 -1.990097016096115112e-01 1.224919319152832031e+00
-5.676025152206420898e-01 -2.002304196357727051e-01 1.221855878829956055e+00
-5.704449415206909180e-01 -1.989681124687194824e-01 1.228934288024902344e+00
-5.681070089340209961e-01 -1.988459676504135132e-01 1.225489497184753418e+00
-5.714288949966430664e-01 -2.023686766624450684e-01 1.223451256752014160e+00
-5.688211917877197266e-01 -1.973964571952819824e-01 1.229374289512634277e+00
-5.737704038619995117e-01 -2.103501260280609131e-01 1.210679650306701660e+00
-5.749501585960388184e-01 -2.186446487903594971e-01 1.195736050605773926e+00
-5.774466395378112793e-01 -2.387016117572784424e-01 1.160836815834045410e+00
-5.756584405899047852e-01 -2.655391693115234375e-01 1.104645729064941406e+00
-5.847027897834777832e-01 -3.024154305458068848e-01 1.034836292266845703e+00
-5.822654366493225098e-01 -3.072184920310974121e-01 1.012122273445129395e+00
-6.104121208190917969e-01 -3.337379693984985352e-01 9.909156560897827148e-01
-6.319786906242370605e-01 -3.782593309879302979e-01 9.237463474273681641e-01
-6.387344598770141602e-01 -4.183354973793029785e-01 8.494610786437988281e-01
-6.653468608856201172e-01 -5.112580060958862305e-01 7.234247922897338867e-01
-6.857213377952575684e-01 -6.100157499313354492e-01 5.813350677490234375e-01
-7.224215865135192871e-01 -7.148823738098144531e-01 3.350429534912109375e-01
-7.229537367820739746e-01 -7.058225870132446289e-01 3.621762394905090332e-01
-7.220562100410461426e-01 -7.339322566986083984e-01 2.937508821487426758e-01
-7.244132757186889648e-01 -7.379077672958374023e-01 2.901795804500579834e-01
-7.239111661911010742e-01 -7.365543842315673828e-01 2.918017208576202393e-01
-7.244125604629516602e-01 -7.399005889892578125e-01 2.867164909839630127e-01
-7.226351499557495117e-01 -7.360615730285644531e-01 2.908961176872253418e-01
-7.266658544540405273e-01 -7.461609840393066406e-01 2.790229916572570801e-01
-7.229362726211547852e-01 -7.345517873764038086e-01 2.939015626907348633e-01
-7.226284742355346680e-01 -7.322508096694946289e-01 2.974840700626373291e-01
-7.247264981269836426e-01 -7.416064739227294922e-01 2.841684520244598389e-01
-7.254523038864135742e-01 -7.425248622894287109e-01 2.836144864559173584e-01
-7.241746783256530762e-01 -7.387111186981201172e-01 2.884024381637573242e-01
-7.236880064010620117e-01 -7.358677387237548828e-01 2.926929891109466553e-01
-7.216897606849670410e-01 -7.298980951309204102e-01 3.001314997673034668e-01
-7.263841629028320312e-01 -7.473363876342773438e-01 2.765815854072570801e-01
-7.255792021751403809e-01 -7.424957752227783203e-01 2.838009595870971680e-01
-7.234611511230468750e-01 -7.373583316802978516e-01 2.897510528564453125e-01
-7.227262854576110840e-01 -7.316910028457641602e-01 2.985584735870361328e-01
-7.241376638412475586e-01 -7.368849515914916992e-01 2.915521860122680664e-01
-7.254804372787475586e-01 -7.460018396377563477e-01 2.776192724704742432e-01
-7.253833413124084473e-01 -7.445414066314697266e-01 2.799834609031677246e-01
-7.245022058486938477e-01 -7.390577793121337891e-01 2.882738113403320312e-01
-7.266503572463989258e-01 -7.461498975753784180e-01 2.790568172931671143e-01
-7.224264144897460938e-01 -7.325148582458496094e-01 2.967693507671356201e-01
-7.238181829452514648e-01 -7.365906238555908203e-01 2.916040420532226562e-01
-7.237957715988159180e-01 -7.366361618041992188e-01 2.915011644363403320e-01
-7.213683724403381348e-01 -7.231452465057373047e-01 3.091830611228942871e-01
-7.241748571395874023e-01 -7.397427558898925781e-01 2.866656780242919922e-01
-7.240360975265502930e-01 -7.370333671569824219e-01 2.911508977413177490e-01
-7.232572436332702637e-01 -7.344094514846801758e-01 2.945531010627746582e-01
-7.251150012016296387e-01 -7.433573007583618164e-01 2.817066013813018799e-01
-7.254222035408020020e-01 -7.419475317001342773e-01 2.845448851585388184e-01
-7.232283949851989746e-01 -7.321748733520507812e-01 2.984083294868469238e-01
-7.251172065734863281e-01 -7.425322532653808594e-01 2.831397652626037598e-01
-5.065727829933166504e-01 4.568800330162048340e-03 1.562901616096496582e+00
-5.066291093826293945e-01 4.486501216888427734e-03 1.561912178993225098e+00
-5.065955519676208496e-01 4.471421241760253906e-03 1.561549544334411621e+00
-5.084125995635986328e-01 3.196328878402709961e-03 1.562776923179626465e+00
-5.084983110427856445e-01 4.501447081565856934e-03 1.564654707908630371e+00
-5.067809820175170898e-01 4.258245229721069336e-03 1.560575485229492188e+00
-5.083786249160766602e-01 3.554090857505798340e-03 1.562157630920410156e+00
-5.091615319252014160e-01 3.526046872138977051e-03 1.565351366996765137e+00
-5.065435767173767090e-01 2.966910600662231445e-03 1.556664586067199707e+00
-5.055466294288635254e-01 3.702402114868164062e-03 1.558257222175598145e+00
-5.061603784561157227e-01 3.853842616081237793e-03 1.561580896377563477e+00
-5.098965167999267578e-01 3.174990415573120117e-03 1.566682815551757812e+00
-5.095828771591186523e-01 3.605619072914123535e-03 1.566754460334777832e+00
-5.114748477935791016e-01 4.751682281494140625e-04 1.560757279396057129e+00
-5.146827697753906250e-01 -4.258245229721069336e-03 1.558176636695861816e+00
-5.220896005630493164e-01 -1.463387906551361084e-02 1.552523016929626465e+00
-5.264020562171936035e-01 -2.412131428718566895e-02 1.538175702095031738e+00
-5.341416597366333008e-01 -3.734575212001800537e-02 1.520474910736083984e+00
-5.390420556068420410e-01 -4.763691127300262451e-02 1.504165053367614746e+00
-5.441995859146118164e-01 -5.772779881954193115e-02 1.489307045936584473e+00
-5.493177175521850586e-01 -6.999735534191131592e-02 1.471927046775817871e+00
-5.557695627212524414e-01 -7.709120213985443115e-02 1.463646650314331055e+00
-5.621541142463684082e-01 -8.836574852466583252e-02 1.448558568954467773e+00
-5.659370422363281250e-01 -9.538981318473815918e-02 1.439050316810607910e+00
-5.672182440757751465e-01 -9.812307357788085938e-02 1.434898495674133301e+00
-5.700417757034301758e-01 -1.039280146360397339e-01 1.428384184837341309e+00
-5.702078938484191895e-01 -1.037931293249130249e-01 1.427120804786682129e+00
-5.711743235588073730e-01 -1.054984778165817261e-01 1.426123499870300293e+00
-5.700400471687316895e-01 -1.030868589878082275e-01 1.428354144096374512e+00
-5.713598728179931641e-01 -1.060138195753097534e-01 1.426108121871948242e+00
-5.717494487762451172e-01 -1.058803051710128784e-01 1.424984097480773926e+00
-5.704790353775024414e-01 -1.044035106897354126e-01 1.426596999168395996e+00
-5.714915394783020020e-01 -1.065010130405426025e-01 1.425488591194152832e+00
-5.759794712066650391e-01 -1.122117042541503906e-01 1.422608494758605957e+00
-5.764432549476623535e-01 -1.136104464530944824e-01 1.421914696693420410e+00
-5.856109857559204102e-01 -1.279687881469726562e-01 1.412422299385070801e+00
-5.919557213783264160e-01 -1.408688575029373169e-01 1.398118615150451660e+00
-6.008514761924743652e-01 -1.581023484468460083e-01 1.378202557563781738e+00
-6.043722629547119141e-01 -1.667768955230712891e-01 1.362481594085693359e+00
-6.143825054168701172e-01 -1.799533963203430176e-01 1.344330668449401855e+00
-6.172063350677490234e-01 -1.879482716321945190e-01 1.329342961311340332e+00
-6.248878836631774902e-01 -2.110598087310791016e-01 1.294006586074829102e+00
-6.248888969421386719e-01 -2.196443676948547363e-01 1.274560451507568359e+00
-6.276828646659851074e-01 -2.282359004020690918e-01 1.260345578193664551e+00
-6.293398737907409668e-01 -2.351923882961273193e-01 1.247608542442321777e+00
-6.296468973159790039e-01 -2.350095957517623901e-01 1.248603940010070801e+00
-6.271211504936218262e-01 -2.294064462184906006e-01 1.256219744682312012e+00
-6.287395954132080078e-01 -2.394684553146362305e-01 1.237958312034606934e+00
-6.308759450912475586e-01 -2.374965697526931763e-01 1.245325088500976562e+00
-6.328351497650146484e-01 -2.425730526447296143e-01 1.237725019454956055e+00
-6.322699785232543945e-01 -2.412749826908111572e-01 1.240048766136169434e+00
-6.300887465476989746e-01 -2.518832683563232422e-01 1.214651226997375488e+00
-6.351885795593261719e-01 -2.561761736869812012e-01 1.213827252388000488e+00
-6.352791786193847656e-01 -2.518484592437744141e-01 1.223008394241333008e+00
-6.406852602958679199e-01 -2.637521028518676758e-01 1.207308411598205566e+00
-6.478092074394226074e-01 -2.946627438068389893e-01 1.155872106552124023e+00
-6.482944488525390625e-01 -3.131473064422607422e-01 1.119574069976806641e+00
-6.563777923583984375e-01 -3.473201990127563477e-01 1.059627294540405273e+00
-6.628668308258056641e-01 -3.642961084842681885e-01 1.029932498931884766e+00
-6.651718616485595703e-01 -3.908811211585998535e-01 9.781192541122436523e-01
-6.530721783638000488e-01 -4.275028705596923828e-01 8.832961320877075195e-01
-6.560938358306884766e-01 -4.639545977115631104e-01 8.161840438842773438e-01
-6.552538275718688965e-01 -4.982203245162963867e-01 7.495503425598144531e-01
-6.701395511627197266e-01 -5.598100423812866211e-01 6.598972082138061523e-01
-6.892657279968261719e-01 -6.590183973312377930e-01 4.284456372261047363e-01
-6.839150190353393555e-01 -7.054009437561035156e-01 2.919142842292785645e-01
-6.858751773834228516e-01 -7.182551622390747070e-01 2.727962136268615723e-01
-6.916818618774414062e-01 -7.081549167633056641e-01 2.982934117317199707e-01
-6.933263540267944336e-01 -7.240303754806518555e-01 2.734009325504302979e-01
-6.854540109634399414e-01 -7.237528562545776367e-01 2.624532878398895264e-01
-6.962013244628906250e-01 -7.235616445541381836e-01 2.784505486488342285e-01
-6.868917942047119141e-01 -7.133139371871948242e-01 2.826784849166870117e-01
-6.903737783432006836e-01 -7.204029560089111328e-01 2.754966616630554199e-01
-6.835465431213378906e-01 -7.250111103057861328e-01 2.571706771850585938e-01
-6.839424967765808105e-01 -7.070527076721191406e-01 2.890196740627288818e-01
-6.807128190994262695e-01 -7.101705074310302734e-01 2.793273329734802246e-01
-6.868624091148376465e-01 -7.185226678848266602e-01 2.737364172935485840e-01
-6.829834580421447754e-01 -7.183817625045776367e-01 2.683378756046295166e-01
-6.909129619598388672e-01 -7.263009548187255859e-01 2.659739851951599121e-01
-6.903164982795715332e-01 -7.175830602645874023e-01 2.803050279617309570e-01
-6.890054941177368164e-01 -7.185738086700439453e-01 2.767366766929626465e-01
-6.918272972106933594e-01 -7.216944694519042969e-01 2.753650546073913574e-01
-6.886439919471740723e-01 -7.136518955230712891e-01 2.845823168754577637e-01
-6.929706335067749023e-01 -7.161014080047607422e-01 2.865948677062988281e-01
-6.837171316146850586e-01 -7.114126682281494141e-01 2.814498543739318848e-01
-6.842840909957885742e-01 -7.206493616104125977e-01 2.661332190036773682e-01
-6.902480125427246094e-01 -7.235171794891357422e-01 2.698928713798522949e-01
-6.917632818222045898e-01 -7.172602415084838867e-01 2.829225063323974609e-01
-6.858258247375488281e-01 -7.171729803085327148e-01 2.746387124061584473e-01
-6.869534850120544434e-01 -7.174981832504272461e-01 2.756855785846710205e-01
-6.898043751716613770e-01 -7.240293025970458984e-01 2.683477997779846191e-01
-6.875497102737426758e-01 -7.179716825485229492e-01 2.757007479667663574e-01
-6.903051137924194336e-01 -7.130757570266723633e-01 2.878803312778472900e-01
-6.927182674407958984e-01 -7.098329067230224609e-01 2.968394458293914795e-01
-6.945689320564270020e-01 -7.107640504837036133e-01 2.979063987731933594e-01
-6.960550546646118164e-01 -7.091263532638549805e-01 3.028253316879272461e-01
-6.963071227073669434e-01 -7.108087539672851562e-01 3.002987504005432129e-01
-6.855949163436889648e-01 -7.114698886871337891e-01 2.839950323104858398e-01
-6.877419352531433105e-01 -7.189648151397705078e-01 2.742305397987365723e-01
-5.085531473159790039e-01 4.193171858787536621e-03 1.565469622611999512e+00
-5.051540732383728027e-01 4.080876708030700684e-03 1.559591889381408691e+00
-5.069150328636169434e-01 4.464700818061828613e-03 1.563675999641418457e+00
-5.069601535797119141e-01 2.395272254943847656e-03 1.556851744651794434e+00
-5.043269991874694824e-01 4.269525408744812012e-03 1.559221148490905762e+00
-5.027318000793457031e-01 3.966107964515686035e-03 1.554487824440002441e+00
-5.059319734573364258e-01 3.825634717941284180e-03 1.560430169105529785e+00
-5.081671476364135742e-01 2.404898405075073242e-03 1.558433651924133301e+00
-5.093821287155151367e-01 3.476977348327636719e-03 1.563493847846984863e+00
-5.032480359077453613e-01 3.835320472717285156e-03 1.555188894271850586e+00
-5.098041296005249023e-01 2.929046750068664551e-03 1.565283417701721191e+00
-5.078412890434265137e-01 2.848327159881591797e-03 1.561515212059020996e+00
-5.093896985054016113e-01 2.263903617858886719e-03 1.559224963188171387e+00
-5.100949406623840332e-01 2.507820725440979004e-03 1.561884999275207520e+00
-5.133757591247558594e-01 -1.744955778121948242e-03 1.564420104026794434e+00
-5.246086120605468750e-01 -1.772624254226684570e-02 1.548460364341735840e+00
-5.287054777145385742e-01 -2.588312327861785889e-02 1.537454962730407715e+00
-5.316541790962219238e-01 -3.395679593086242676e-02 1.524533271789550781e+00
-5.426739454269409180e-01 -5.059781670570373535e-02 1.501627326011657715e+00
-5.442851781845092773e-01 -5.956280231475830078e-02 1.486783027648925781e+00
-5.515490770339965820e-01 -6.901627779006958008e-02 1.474941849708557129e+00
-5.556156635284423828e-01 -7.692497968673706055e-02 1.463904857635498047e+00
-5.624429583549499512e-01 -8.947768807411193848e-02 1.446503996849060059e+00
-5.664343833923339844e-01 -9.711396694183349609e-02 1.437626361846923828e+00
-5.669571161270141602e-01 -9.788355231285095215e-02 1.435173749923706055e+00
-5.703107118606567383e-01 -1.042501777410507202e-01 1.427647948265075684e+00
-5.711508989334106445e-01 -1.058640927076339722e-01 1.425894260406494141e+00
-5.706946849822998047e-01 -1.045068204402923584e-01 1.426153421401977539e+00
-5.697881579399108887e-01 -1.025672107934951782e-01 1.429096341133117676e+00
-5.714051127433776855e-01 -1.056541055440902710e-01 1.425816535949707031e+00
-5.707339048385620117e-01 -1.053108125925064087e-01 1.426742076873779297e+00
-5.707100629806518555e-01 -1.051621586084365845e-01 1.424880743026733398e+00
-5.698863863945007324e-01 -1.030051857233047485e-01 1.428143382072448730e+00
-5.701528787612915039e-01 -1.043425351381301880e-01 1.425798892974853516e+00
-5.715582966804504395e-01 -1.096401512622833252e-01 1.417210698127746582e+00
-5.734646320343017578e-01 -1.165861040353775024e-01 1.405858993530273438e+00
-5.842424035072326660e-01 -1.350911557674407959e-01 1.382517099380493164e+00
-5.923270583152770996e-01 -1.480863541364669800e-01 1.366910338401794434e+00
-6.030186414718627930e-01 -1.646528989076614380e-01 1.348236680030822754e+00
-6.077724695205688477e-01 -1.764246374368667603e-01 1.330618619918823242e+00
-6.096041202545166016e-01 -1.841370314359664917e-01 1.316684961318969727e+00
-6.116754412651062012e-01 -1.915117800235748291e-01 1.304006814956665039e+00
-6.132364273071289062e-01 -2.059128731489181519e-01 1.277066707611083984e+00
-6.148954629898071289e-01 -2.149629294872283936e-01 1.260785937309265137e+00
-6.162649393081665039e-01 -2.178905606269836426e-01 1.256489872932434082e+00
-6.165220737457275391e-01 -2.257271111011505127e-01 1.241543531417846680e+00
-6.176789999008178711e-01 -2.241460978984832764e-01 1.245960831642150879e+00
-6.183578968048095703e-01 -2.248025685548782349e-01 1.245346307754516602e+00
-6.228790283203125000e-01 -2.355245649814605713e-01 1.231294393539428711e+00
-6.183651685714721680e-01 -2.245470881462097168e-01 1.246263861656188965e+00
-6.203982830047607422e-01 -2.299998253583908081e-01 1.238292813301086426e+00
-6.176012754440307617e-01 -2.214159667491912842e-01 1.250801086425781250e+00
-6.155982017517089844e-01 -2.215320467948913574e-01 1.247959613800048828e+00
-6.191936731338500977e-01 -2.295641154050827026e-01 1.236625075340270996e+00
-6.238819956779479980e-01 -2.428870946168899536e-01 1.216644763946533203e+00
-6.289814710617065430e-01 -2.583795189857482910e-01 1.193169474601745605e+00
-6.365906000137329102e-01 -2.781375646591186523e-01 1.164950370788574219e+00
-6.566768288612365723e-01 -3.243475556373596191e-01 1.092800736427307129e+00
-6.532403826713562012e-01 -3.438379764556884766e-01 1.046392560005187988e+00
-6.621415019035339355e-01 -3.838952481746673584e-01 9.808326959609985352e-01
-6.727299690246582031e-01 -4.285856187343597412e-01 9.093459844589233398e-01
-6.862949132919311523e-01 -4.848851263523101807e-01 8.219704627990722656e-01
-6.967166662216186523e-01 -5.757743120193481445e-01 6.578606367111206055e-01
-7.183460593223571777e-01 -6.596447229385375977e-01 4.757243096828460693e-01
-7.200602293014526367e-01 -7.374398708343505859e-01 2.876605391502380371e-01
-7.198244929313659668e-01 -7.374998331069946289e-01 2.871856093406677246e-01
-7.130357027053833008e-01 -7.395864725112915039e-01 2.730936110019683838e-01
-7.130726575851440430e-01 -7.372434139251708984e-01 2.774006128311157227e-01
-7.130454778671264648e-01 -7.410609722137451172e-01 2.704772353172302246e-01
-7.129709720611572266e-01 -7.387511730194091797e-01 2.745119333267211914e-01
-7.165811061859130859e-01 -7.375946044921875000e-01 2.820938825607299805e-01
-7.132861614227294922e-01 -7.403941154479980469e-01 2.720411717891693115e-01
-7.130122780799865723e-01 -7.399575710296630859e-01 2.723797559738159180e-01
-7.129925489425659180e-01 -7.425407171249389648e-01 2.678075432777404785e-01
-7.135122418403625488e-01 -7.379364967346191406e-01 2.767927944660186768e-01
-7.170206308364868164e-01 -7.382720708847045898e-01 2.815270423889160156e-01
-7.169650197029113770e-01 -7.404159307479858398e-01 2.776464819908142090e-01
-7.129776477813720703e-01 -7.400861978530883789e-01 2.720771133899688721e-01
-7.211019992828369141e-01 -7.406324148178100586e-01 2.835558354854583740e-01
-7.130894660949707031e-01 -7.420035600662231445e-01 2.688796520233154297e-01
-7.128921151161193848e-01 -7.409708499908447266e-01 2.703648805618286133e-01
-7.129602432250976562e-01 -7.383599281311035156e-01 2.752203345298767090e-01
-7.162885665893554688e-01 -7.419215440750122070e-01 2.739253640174865723e-01
-7.174048423767089844e-01 -7.367502450942993164e-01 2.848314642906188965e-01
-7.149437665939331055e-01 -7.391370534896850586e-01 2.768540680408477783e-01
-7.179007530212402344e-01 -7.383462190628051758e-01 2.827411890029907227e-01
-7.131133079528808594e-01 -7.389098405838012695e-01 2.744870781898498535e-01
-7.189369201660156250e-01 -7.428221702575683594e-01 2.763676047325134277e-01
-7.165662050247192383e-01 -7.370666265487670898e-01 2.829862236976623535e-01
-7.170089483261108398e-01 -7.401845455169677734e-01 2.781324386596679688e-01
-7.128128409385681152e-01 -7.426877021789550781e-01 2.672497630119323730e-01
-7.124076485633850098e-01 -7.371778488159179688e-01 2.764095664024353027e-01
-7.149242162704467773e-01 -7.407547235488891602e-01 2.739261090755462646e-01
-7.130439877510070801e-01 -7.423113584518432617e-01 2.682578563690185547e-01
-7.131627202033996582e-01 -7.392963171005249023e-01 2.738615274429321289e-01
-7.150572538375854492e-01 -7.374905347824096680e-01 2.799541056156158447e-01
-7.216894030570983887e-01 -7.414304018020629883e-01 2.830183207988739014e-01
-7.172784805297851562e-01 -7.384841442108154297e-01 2.815779745578765869e-01
-7.123608589172363281e-01 -7.453640699386596680e-01 2.616759538650512695e-01
-5.086001157760620117e-01 4.394814372062683105e-03 1.565258502960205078e+00
-5.076387524604797363e-01 4.412770271301269531e-03 1.563120722770690918e+00
-5.077068209648132324e-01 3.858223557472229004e-03 1.561217665672302246e+00
-5.062322020530700684e-01 3.237873315811157227e-03 1.560179352760314941e+00
-5.061426162719726562e-01 3.214716911315917969e-03 1.556883692741394043e+00
-5.062792897224426270e-01 4.459768533706665039e-03 1.564000487327575684e+00
-5.049571394920349121e-01 3.807231783866882324e-03 1.558731079101562500e+00
-5.043789744377136230e-01 4.213392734527587891e-03 1.561651349067687988e+00
-5.080944299697875977e-01 3.973245620727539062e-03 1.565238237380981445e+00
-5.066899657249450684e-01 3.400444984436035156e-03 1.560352921485900879e+00
-5.076155662536621094e-01 4.441991448402404785e-03 1.564886927604675293e+00
-5.101612210273742676e-01 2.656862139701843262e-03 1.564464449882507324e+00
-5.107471942901611328e-01 1.759320497512817383e-03 1.563205838203430176e+00
-5.104026794433593750e-01 1.141086220741271973e-03 1.563017487525939941e+00
-5.125898718833923340e-01 -1.389533281326293945e-03 1.561635375022888184e+00
-5.249624848365783691e-01 -1.715052127838134766e-02 1.550858855247497559e+00
-5.292324423789978027e-01 -2.735155820846557617e-02 1.535551905632019043e+00
-5.321512222290039062e-01 -3.592184185981750488e-02 1.520917534828186035e+00
-5.417998433113098145e-01 -5.089814960956573486e-02 1.500568747520446777e+00
-5.456498861312866211e-01 -5.890280008316040039e-02 1.488391041755676270e+00
-5.489580035209655762e-01 -6.668326258659362793e-02 1.476780056953430176e+00
-5.548501610755920410e-01 -7.705304026603698730e-02 1.462625861167907715e+00
-5.636954307556152344e-01 -9.285584092140197754e-02 1.443227171897888184e+00
-5.664090514183044434e-01 -9.729234874248504639e-02 1.437200665473937988e+00
-5.679177045822143555e-01 -9.998583793640136719e-02 1.432723999023437500e+00
-5.686857700347900391e-01 -1.012854874134063721e-01 1.430234909057617188e+00
-5.691610574722290039e-01 -1.015823483467102051e-01 1.430475115776062012e+00
-5.741117596626281738e-01 -1.095582097768783569e-01 1.423442244529724121e+00
-5.705543756484985352e-01 -1.049478203058242798e-01 1.426352858543395996e+00
-5.694051384925842285e-01 -1.026259213685989380e-01 1.430110096931457520e+00
-5.695070624351501465e-01 -1.021030247211456299e-01 1.429608941078186035e+00
-5.701265335083007812e-01 -1.032223701477050781e-01 1.428236603736877441e+00
-5.721300840377807617e-01 -1.079440265893936157e-01 1.421302318572998047e+00
-5.725849270820617676e-01 -1.100394576787948608e-01 1.417419791221618652e+00
-5.720587968826293945e-01 -1.095845103263854980e-01 1.417705655097961426e+00
-5.750230550765991211e-01 -1.195174753665924072e-01 1.402094364166259766e+00
-5.827590227127075195e-01 -1.326127946376800537e-01 1.385562539100646973e+00
-5.929715037345886230e-01 -1.492086201906204224e-01 1.365647077560424805e+00
-6.037527918815612793e-01 -1.657013744115829468e-01 1.347333073616027832e+00
-6.078448891639709473e-01 -1.769024133682250977e-01 1.329754352569580078e+00
-6.090674996376037598e-01 -1.841082274913787842e-01 1.315913677215576172e+00
-6.118257045745849609e-01 -1.925860196352005005e-01 1.301880478858947754e+00
-6.086601018905639648e-01 -2.028730064630508423e-01 1.277240633964538574e+00
-6.130402088165283203e-01 -2.087237983942031860e-01 1.270607352256774902e+00
-6.183146834373474121e-01 -2.191978394985198975e-01 1.256126403808593750e+00
-6.191107630729675293e-01 -2.219762504100799561e-01 1.251675248146057129e+00
-6.176073551177978516e-01 -2.243911027908325195e-01 1.245451331138610840e+00
-6.178717017173767090e-01 -2.228149771690368652e-01 1.248145937919616699e+00
-6.186031103134155273e-01 -2.204321324825286865e-01 1.253936529159545898e+00
-6.221435666084289551e-01 -2.312364280223846436e-01 1.238049626350402832e+00
-6.197063922882080078e-01 -2.255429029464721680e-01 1.245662569999694824e+00
-6.176877021789550781e-01 -2.222717255353927612e-01 1.248895764350891113e+00
-6.182830333709716797e-01 -2.234600186347961426e-01 1.247666478157043457e+00
-6.200781464576721191e-01 -2.309103757143020630e-01 1.235145449638366699e+00
-6.194691658020019531e-01 -2.373751550912857056e-01 1.222622752189636230e+00
-6.282224059104919434e-01 -2.602518200874328613e-01 1.189230561256408691e+00
-6.336659193038940430e-01 -2.740403711795806885e-01 1.169678330421447754e+00
-6.513281464576721191e-01 -3.126791715621948242e-01 1.108999252319335938e+00
-6.544252634048461914e-01 -3.465197682380676270e-01 1.043034195899963379e+00
-6.626127362251281738e-01 -3.823908865451812744e-01 9.845942258834838867e-01
-6.723421812057495117e-01 -4.282410442829132080e-01 9.093248844146728516e-01
-6.835408210754394531e-01 -4.778254330158233643e-01 8.317658901214599609e-01
-6.932893395423889160e-01 -5.517059564590454102e-01 7.008339166641235352e-01
-7.334578037261962891e-01 -6.995620727539062500e-01 3.769772648811340332e-01
-7.337220907211303711e-01 -7.315975427627563477e-01 3.171416223049163818e-01
-7.187190651893615723e-01 -7.398477792739868164e-01 2.813284397125244141e-01
-7.193918228149414062e-01 -7.395062446594238281e-01 2.829565405845642090e-01
-7.141888737678527832e-01 -7.375446557998657227e-01 2.785329222679138184e-01
-7.143410444259643555e-01 -7.391258478164672852e-01 2.759563028812408447e-01
-7.133636474609375000e-01 -7.368928194046020508e-01 2.784401178359985352e-01
-7.122529745101928711e-01 -7.430994510650634766e-01 2.655802965164184570e-01
