-4.312002286314964294e-02 2.122337520122528076e-01 4.257264733314514160e-01
1.037127897143363953e-01 2.529066205024719238e-01 4.350699186325073242e-01
3.043320588767528534e-02 1.717830300331115723e-01 4.251502752304077148e-01
5.697207152843475342e-02 1.935633569955825806e-01 4.245537519454956055e-01
1.540538519620895386e-01 2.565381526947021484e-01 4.390268325805664062e-01
1.648436114192008972e-02 2.411594390869140625e-01 4.317101836204528809e-01
1.648436114192008972e-02 2.411594390869140625e-01 4.317101836204528809e-01
1.037127897143363953e-01 2.529066205024719238e-01 4.350699186325073242e-01
1.648436114192008972e-02 2.411594390869140625e-01 4.317101836204528809e-01
1.648436114192008972e-02 2.411594390869140625e-01 4.317101836204528809e-01
1.307343244552612305e-01 2.849499285221099854e-01 4.419328272342681885e-01
1.648436114192008972e-02 2.411594390869140625e-01 4.317101836204528809e-01
6.705462187528610229e-02 3.189680278301239014e-01 4.470568001270294189e-01
1.648436114192008972e-02 2.411594390869140625e-01 4.317101836204528809e-01
4.031287133693695068e-02 1.688122004270553589e-01 4.188623726367950439e-01
1.648436114192008972e-02 2.411594390869140625e-01 4.317101836204528809e-01
1.648436114192008972e-02 2.411594390869140625e-01 4.317101836204528809e-01
1.648436114192008972e-02 2.411594390869140625e-01 4.317101836204528809e-01
1.648436114192008972e-02 2.411594390869140625e-01 4.317101836204528809e-01
9.519365429878234863e-02 2.390882074832916260e-01 4.275680780410766602e-01
1.648436114192008972e-02 2.411594390869140625e-01 4.317101836204528809e-01
1.648436114192008972e-02 2.411594390869140625e-01 4.317101836204528809e-01
1.648436114192008972e-02 2.411594390869140625e-01 4.317101836204528809e-01
1.648436114192008972e-02 2.411594390869140625e-01 4.317101836204528809e-01
1.220641285181045532e-01 2.753640413284301758e-01 4.377862811088562012e-01
1.648436114192008972e-02 2.411594390869140625e-01 4.317101836204528809e-01
1.037127897143363953e-01 2.529066205024719238e-01 4.350699186325073242e-01
-7.971285376697778702e-04 1.987712383270263672e-01 4.241861104965209961e-01
4.031287133693695068e-02 1.688122004270553589e-01 4.188623726367950439e-01
-7.222107611596584320e-03 2.330086976289749146e-01 4.272370338439941406e-01
1.114043220877647400e-01 2.402512878179550171e-01 4.348485767841339111e-01
1.065828949213027954e-01 2.067384719848632812e-01 4.260684847831726074e-01
1.468746736645698547e-02 1.556919962167739868e-01 4.146409034729003906e-01
1.648436114192008972e-02 2.411594390869140625e-01 4.317101836204528809e-01
1.037127897143363953e-01 2.529066205024719238e-01 4.350699186325073242e-01
1.037127897143363953e-01 2.529066205024719238e-01 4.350699186325073242e-01
-1.569564826786518097e-02 2.200258374214172363e-01 4.276927113533020020e-01
-2.304918318986892700e-02 2.132530957460403442e-01 4.312848448753356934e-01
1.307343244552612305e-01 2.849499285221099854e-01 4.419328272342681885e-01
1.037127897143363953e-01 2.529066205024719238e-01 4.350699186325073242e-01
6.576237082481384277e-02 1.498299241065979004e-01 4.172483384609222412e-01
4.031287133693695068e-02 1.688122004270553589e-01 4.188623726367950439e-01
1.648436114192008972e-02 2.411594390869140625e-01 4.317101836204528809e-01
1.143183335661888123e-01 1.397430151700973511e-01 4.103850722312927246e-01
9.513489902019500732e-02 1.476906985044479370e-01 4.143310189247131348e-01
1.648436114192008972e-02 2.411594390869140625e-01 4.317101836204528809e-01
1.220641285181045532e-01 2.753640413284301758e-01 4.377862811088562012e-01
1.037127897143363953e-01 2.529066205024719238e-01 4.350699186325073242e-01
7.017435133457183838e-02 1.276996433734893799e-01 4.090799689292907715e-01
3.106796182692050934e-02 2.382179647684097290e-01 4.305469989776611328e-01
-1.286131590604782104e-01 1.704770922660827637e-01 4.150303006172180176e-01
8.774653077125549316e-02 1.687059104442596436e-01 4.169719517230987549e-01
4.031287133693695068e-02 1.688122004270553589e-01 4.188623726367950439e-01
1.302785724401473999e-01 7.571107894182205200e-02 4.102331101894378662e-01
8.460765331983566284e-02 1.207635775208473206e-01 4.145666062831878662e-01
6.576237082481384277e-02 1.498299241065979004e-01 4.172483384609222412e-01
1.078265532851219177e-01 1.192668229341506958e-01 4.072358310222625732e-01
1.112125739455223083e-01 1.443002671003341675e-01 4.311851561069488525e-01
-1.031831279397010803e-01 1.360822319984436035e-01 4.086491167545318604e-01
1.078265532851219177e-01 1.192668229341506958e-01 4.072358310222625732e-01
1.022371947765350342e-01 9.777118265628814697e-02 4.066404700279235840e-01
4.031287133693695068e-02 1.688122004270553589e-01 4.188623726367950439e-01
4.053852707147598267e-02 2.221197336912155151e-01 4.387674629688262939e-01
2.838517539203166962e-02 2.323602586984634399e-01 4.315444529056549072e-01
7.844907790422439575e-02 1.302339434623718262e-01 4.124059975147247314e-01
1.343558132648468018e-01 1.525625735521316528e-01 4.176150262355804443e-01
1.241126731038093567e-01 1.768953055143356323e-01 4.280365705490112305e-01
1.325844079256057739e-01 1.158746182918548584e-01 4.122346043586730957e-01
1.648436114192008972e-02 2.411594390869140625e-01 4.317101836204528809e-01
1.086941286921501160e-01 8.745616674423217773e-02 4.053587615489959717e-01
1.648436114192008972e-02 2.411594390869140625e-01 4.317101836204528809e-01
-1.046700403094291687e-02 2.029767036437988281e-01 4.300997853279113770e-01
1.304908692836761475e-01 9.533084183931350708e-02 4.087262153625488281e-01
1.325844079256057739e-01 1.158746182918548584e-01 4.122346043586730957e-01
9.313533455133438110e-02 1.282429099082946777e-01 4.040751457214355469e-01
1.648436114192008972e-02 2.411594390869140625e-01 4.317101836204528809e-01
1.301486790180206299e-01 7.024432718753814697e-02 4.021832346916198730e-01
1.792206987738609314e-02 2.174635231494903564e-01 4.305962622165679932e-01
-4.312002286314964294e-02 2.122337520122528076e-01 4.257264733314514160e-01
-1.046700403094291687e-02 2.029767036437988281e-01 4.300997853279113770e-01
1.648436114192008972e-02 2.411594390869140625e-01 4.317101836204528809e-01
-1.303022652864456177e-01 1.305282413959503174e-01 4.109686613082885742e-01
3.106796182692050934e-02 2.382179647684097290e-01 4.305469989776611328e-01
-1.046700403094291687e-02 2.029767036437988281e-01 4.300997853279113770e-01
-1.031831279397010803e-01 1.360822319984436035e-01 4.086491167545318604e-01
-1.341601014137268066e-01 1.544905304908752441e-01 4.096953868865966797e-01
9.510839730501174927e-02 7.879527658224105835e-02 4.047369360923767090e-01
1.648436114192008972e-02 2.411594390869140625e-01 4.317101836204528809e-01
-1.447129249572753906e-01 1.351600289344787598e-01 4.096009433269500732e-01
-1.447129249572753906e-01 1.351600289344787598e-01 4.096009433269500732e-01
1.648436114192008972e-02 2.411594390869140625e-01 4.317101836204528809e-01
-1.031831279397010803e-01 1.360822319984436035e-01 4.086491167545318604e-01
-1.499579697847366333e-01 1.391962617635726929e-01 4.068002104759216309e-01
-1.031831279397010803e-01 1.360822319984436035e-01 4.086491167545318604e-01
1.648436114192008972e-02 2.411594390869140625e-01 4.317101836204528809e-01
7.833424024283885956e-03 1.961036622524261475e-01 4.292872548103332520e-01
-1.447129249572753906e-01 1.351600289344787598e-01 4.096009433269500732e-01
-1.547268331050872803e-01 9.857224673032760620e-02 3.979262113571166992e-01
1.648436114192008972e-02 2.411594390869140625e-01 4.317101836204528809e-01
-1.031831279397010803e-01 1.360822319984436035e-01 4.086491167545318604e-01
1.648436114192008972e-02 2.411594390869140625e-01 4.317101836204528809e-01
-8.765055239200592041e-02 1.905634105205535889e-01 4.175500869750976562e-01
1.648436114192008972e-02 2.411594390869140625e-01 4.317101836204528809e-01
-1.447129249572753906e-01 1.351600289344787598e-01 4.096009433269500732e-01
-1.031831279397010803e-01 1.360822319984436035e-01 4.086491167545318604e-01
-1.574373394250869751e-01 1.307058036327362061e-01 4.163450002670288086e-01
1.648436114192008972e-02 2.411594390869140625e-01 4.317101836204528809e-01
1.648436114192008972e-02 2.411594390869140625e-01 4.317101836204528809e-01
-1.031831279397010803e-01 1.360822319984436035e-01 4.086491167545318604e-01
1.648436114192008972e-02 2.411594390869140625e-01 4.317101836204528809e-01
6.576237082481384277e-02 1.498299241065979004e-01 4.172483384609222412e-01
-5.857926234602928162e-02 1.739827990531921387e-01 4.158829152584075928e-01
1.648436114192008972e-02 2.411594390869140625e-01 4.317101836204528809e-01
-1.447129249572753906e-01 1.351600289344787598e-01 4.096009433269500732e-01
4.031287133693695068e-02 1.688122004270553589e-01 4.188623726367950439e-01
-7.070291787385940552e-02 1.806156784296035767e-01 4.203688502311706543e-01
-9.719996154308319092e-02 2.305559366941452026e-01 4.242017865180969238e-01
5.711626634001731873e-02 2.549422979354858398e-01 4.328389465808868408e-01
4.246516525745391846e-02 1.536379158496856689e-01 4.256029129028320312e-01
-9.719996154308319092e-02 2.305559366941452026e-01 4.242017865180969238e-01
1.648436114192008972e-02 2.411594390869140625e-01 4.317101836204528809e-01
-8.740275166928768158e-03 2.347466349601745605e-01 4.305925667285919189e-01
-9.719996154308319092e-02 2.305559366941452026e-01 4.242017865180969238e-01
-9.719996154308319092e-02 2.305559366941452026e-01 4.242017865180969238e-01
1.648436114192008972e-02 2.411594390869140625e-01 4.317101836204528809e-01
-1.047072559595108032e-01 1.898430287837982178e-01 4.200213551521301270e-01
1.648436114192008972e-02 2.411594390869140625e-01 4.317101836204528809e-01
1.648436114192008972e-02 2.411594390869140625e-01 4.317101836204528809e-01
-5.140490829944610596e-02 1.954332441091537476e-01 4.219632744789123535e-01
-2.304918318986892700e-02 2.132530957460403442e-01 4.312848448753356934e-01
1.648436114192008972e-02 2.411594390869140625e-01 4.317101836204528809e-01
1.648436114192008972e-02 2.411594390869140625e-01 4.317101836204528809e-01
-8.740275166928768158e-03 2.347466349601745605e-01 4.305925667285919189e-01
-1.200739964842796326e-01 2.986586689949035645e-01 4.358555078506469727e-01
5.697207152843475342e-02 1.935633569955825806e-01 4.245537519454956055e-01
-4.817597568035125732e-02 2.126359939575195312e-01 4.259525239467620850e-01
-9.719996154308319092e-02 2.305559366941452026e-01 4.242017865180969238e-01
1.648436114192008972e-02 2.411594390869140625e-01 4.317101836204528809e-01
1.037127897143363953e-01 2.529066205024719238e-01 4.350699186325073242e-01
-8.740275166928768158e-03 2.347466349601745605e-01 4.305925667285919189e-01
1.648436114192008972e-02 2.411594390869140625e-01 4.317101836204528809e-01
-5.140490829944610596e-02 1.954332441091537476e-01 4.219632744789123535e-01
1.648436114192008972e-02 2.411594390869140625e-01 4.317101836204528809e-01
1.648436114192008972e-02 2.411594390869140625e-01 4.317101836204528809e-01
1.648436114192008972e-02 2.411594390869140625e-01 4.317101836204528809e-01
1.648436114192008972e-02 2.411594390869140625e-01 4.317101836204528809e-01
1.648436114192008972e-02 2.411594390869140625e-01 4.317101836204528809e-01
1.648436114192008972e-02 2.411594390869140625e-01 4.317101836204528809e-01
1.648436114192008972e-02 2.411594390869140625e-01 4.317101836204528809e-01
1.037127897143363953e-01 2.529066205024719238e-01 4.350699186325073242e-01
1.648436114192008972e-02 2.411594390869140625e-01 4.317101836204528809e-01
2.838517539203166962e-02 2.323602586984634399e-01 4.315444529056549072e-01
1.648436114192008972e-02 2.411594390869140625e-01 4.317101836204528809e-01
2.838517539203166962e-02 2.323602586984634399e-01 4.315444529056549072e-01
9.519365429878234863e-02 2.390882074832916260e-01 4.275680780410766602e-01
-1.046700403094291687e-02 2.029767036437988281e-01 4.300997853279113770e-01
1.648436114192008972e-02 2.411594390869140625e-01 4.317101836204528809e-01
1.648436114192008972e-02 2.411594390869140625e-01 4.317101836204528809e-01
1.648436114192008972e-02 2.411594390869140625e-01 4.317101836204528809e-01
1.648436114192008972e-02 2.411594390869140625e-01 4.317101836204528809e-01
6.140798702836036682e-02 2.146769464015960693e-01 4.322195649147033691e-01
5.072497576475143433e-02 2.826581001281738281e-01 4.447190165519714355e-01
1.648436114192008972e-02 2.411594390869140625e-01 4.317101836204528809e-01
1.648436114192008972e-02 2.411594390869140625e-01 4.317101836204528809e-01
1.648436114192008972e-02 2.411594390869140625e-01 4.317101836204528809e-01
1.648436114192008972e-02 2.411594390869140625e-01 4.317101836204528809e-01
3.106796182692050934e-02 2.382179647684097290e-01 4.305469989776611328e-01
1.648436114192008972e-02 2.411594390869140625e-01 4.317101836204528809e-01
1.037127897143363953e-01 2.529066205024719238e-01 4.350699186325073242e-01
1.648436114192008972e-02 2.411594390869140625e-01 4.317101836204528809e-01
1.648436114192008972e-02 2.411594390869140625e-01 4.317101836204528809e-01
1.037127897143363953e-01 2.529066205024719238e-01 4.350699186325073242e-01
1.648436114192008972e-02 2.411594390869140625e-01 4.317101836204528809e-01
-7.035367935895919800e-02 2.228969335556030273e-01 4.139370322227478027e-01
2.157079428434371948e-02 2.554633021354675293e-01 4.356065988540649414e-01
1.648436114192008972e-02 2.411594390869140625e-01 4.317101836204528809e-01
2.157079428434371948e-02 2.554633021354675293e-01 4.356065988540649414e-01
3.043320588767528534e-02 1.717830300331115723e-01 4.251502752304077148e-01
1.648436114192008972e-02 2.411594390869140625e-01 4.317101836204528809e-01
1.037127897143363953e-01 2.529066205024719238e-01 4.350699186325073242e-01
1.037127897143363953e-01 2.529066205024719238e-01 4.350699186325073242e-01
1.648436114192008972e-02 2.411594390869140625e-01 4.317101836204528809e-01
1.254821866750717163e-01 8.385828137397766113e-02 4.076241850852966309e-01
9.519365429878234863e-02 2.390882074832916260e-01 4.275680780410766602e-01
1.037127897143363953e-01 2.529066205024719238e-01 4.350699186325073242e-01
1.648436114192008972e-02 2.411594390869140625e-01 4.317101836204528809e-01
1.648436114192008972e-02 2.411594390869140625e-01 4.317101836204528809e-01
1.648436114192008972e-02 2.411594390869140625e-01 4.317101836204528809e-01
1.037127897143363953e-01 2.529066205024719238e-01 4.350699186325073242e-01
1.648436114192008972e-02 2.411594390869140625e-01 4.317101836204528809e-01
1.648436114192008972e-02 2.411594390869140625e-01 4.317101836204528809e-01
1.648436114192008972e-02 2.411594390869140625e-01 4.317101836204528809e-01
1.037127897143363953e-01 2.529066205024719238e-01 4.350699186325073242e-01
1.037127897143363953e-01 2.529066205024719238e-01 4.350699186325073242e-01
1.648436114192008972e-02 2.411594390869140625e-01 4.317101836204528809e-01
1.220641285181045532e-01 2.753640413284301758e-01 4.377862811088562012e-01
1.648436114192008972e-02 2.411594390869140625e-01 4.317101836204528809e-01
-7.222107611596584320e-03 2.330086976289749146e-01 4.272370338439941406e-01
2.838517539203166962e-02 2.323602586984634399e-01 4.315444529056549072e-01
1.686276495456695557e-02 2.408745139837265015e-01 4.332984685897827148e-01
4.031287133693695068e-02 1.688122004270553589e-01 4.188623726367950439e-01
1.648436114192008972e-02 2.411594390869140625e-01 4.317101836204528809e-01
2.838517539203166962e-02 2.323602586984634399e-01 4.315444529056549072e-01
1.686276495456695557e-02 2.408745139837265015e-01 4.332984685897827148e-01
2.838517539203166962e-02 2.323602586984634399e-01 4.315444529056549072e-01
1.037127897143363953e-01 2.529066205024719238e-01 4.350699186325073242e-01
1.648436114192008972e-02 2.411594390869140625e-01 4.317101836204528809e-01
1.037127897143363953e-01 2.529066205024719238e-01 4.350699186325073242e-01
-9.998457878828048706e-02 1.941101551055908203e-01 4.188873171806335449e-01
1.648436114192008972e-02 2.411594390869140625e-01 4.317101836204528809e-01
9.519365429878234863e-02 2.390882074832916260e-01 4.275680780410766602e-01
1.037127897143363953e-01 2.529066205024719238e-01 4.350699186325073242e-01
5.711626634001731873e-02 2.549422979354858398e-01 4.328389465808868408e-01
1.648436114192008972e-02 2.411594390869140625e-01 4.317101836204528809e-01
1.037127897143363953e-01 2.529066205024719238e-01 4.350699186325073242e-01
1.037127897143363953e-01 2.529066205024719238e-01 4.350699186325073242e-01
4.031287133693695068e-02 1.688122004270553589e-01 4.188623726367950439e-01
-9.719996154308319092e-02 2.305559366941452026e-01 4.242017865180969238e-01
1.648436114192008972e-02 2.411594390869140625e-01 4.317101836204528809e-01
1.648436114192008972e-02 2.411594390869140625e-01 4.317101836204528809e-01
1.142264157533645630e-01 1.324239075183868408e-01 4.076959192752838135e-01
4.031287133693695068e-02 1.688122004270553589e-01 4.188623726367950439e-01
5.697207152843475342e-02 1.935633569955825806e-01 4.245537519454956055e-01
1.648436114192008972e-02 2.411594390869140625e-01 4.317101836204528809e-01
1.037127897143363953e-01 2.529066205024719238e-01 4.350699186325073242e-01
1.142264157533645630e-01 1.324239075183868408e-01 4.076959192752838135e-01
4.031287133693695068e-02 1.688122004270553589e-01 4.188623726367950439e-01
-1.346011012792587280e-01 1.780621409416198730e-01 4.146479964256286621e-01
6.069182232022285461e-02 3.115643858909606934e-01 4.470724761486053467e-01
8.774653077125549316e-02 1.687059104442596436e-01 4.169719517230987549e-01
4.031287133693695068e-02 1.688122004270553589e-01 4.188623726367950439e-01
-1.491061449050903320e-01 1.389763206243515015e-01 4.085674285888671875e-01
1.037127897143363953e-01 2.529066205024719238e-01 4.350699186325073242e-01
7.844907790422439575e-02 1.302339434623718262e-01 4.124059975147247314e-01
9.720759093761444092e-02 8.595621585845947266e-02 4.087932407855987549e-01
1.078265532851219177e-01 1.192668229341506958e-01 4.072358310222625732e-01
1.336265262216329575e-02 1.729781329631805420e-01 4.184994697570800781e-01
9.179113060235977173e-02 1.273092478513717651e-01 4.138726890087127686e-01
-6.077844649553298950e-03 1.257434487342834473e-01 4.114661812782287598e-01
-5.176159739494323730e-02 1.524867564439773560e-01 4.148211479187011719e-01
1.336252987384796143e-01 1.284766942262649536e-01 4.137150943279266357e-01
8.072356134653091431e-02 1.566368043422698975e-01 4.066547751426696777e-01
7.381202280521392822e-02 1.393120735883712769e-01 4.154654741287231445e-01
1.648436114192008972e-02 2.411594390869140625e-01 4.317101836204528809e-01
1.362839341163635254e-01 1.185510903596878052e-01 4.140351414680480957e-01
8.460765331983566284e-02 1.207635775208473206e-01 4.145666062831878662e-01
9.621039777994155884e-02 7.884883880615234375e-02 4.054706394672393799e-01
7.381202280521392822e-02 1.393120735883712769e-01 4.154654741287231445e-01
1.336252987384796143e-01 1.284766942262649536e-01 4.137150943279266357e-01
1.265175044536590576e-01 8.859408646821975708e-02 4.127857685089111328e-01
1.037127897143363953e-01 2.529066205024719238e-01 4.350699186325073242e-01
5.697207152843475342e-02 1.935633569955825806e-01 4.245537519454956055e-01
-6.077844649553298950e-03 1.257434487342834473e-01 4.114661812782287598e-01
1.078265532851219177e-01 1.192668229341506958e-01 4.072358310222625732e-01
1.206183731555938721e-01 1.049755141139030457e-01 4.232505261898040771e-01
5.697207152843475342e-02 1.935633569955825806e-01 4.245537519454956055e-01
1.648436114192008972e-02 2.411594390869140625e-01 4.317101836204528809e-01
1.648436114192008972e-02 2.411594390869140625e-01 4.317101836204528809e-01
1.648436114192008972e-02 2.411594390869140625e-01 4.317101836204528809e-01
1.648436114192008972e-02 2.411594390869140625e-01 4.317101836204528809e-01
1.037127897143363953e-01 2.529066205024719238e-01 4.350699186325073242e-01
1.648436114192008972e-02 2.411594390869140625e-01 4.317101836204528809e-01
1.648436114192008972e-02 2.411594390869140625e-01 4.317101836204528809e-01
1.648436114192008972e-02 2.411594390869140625e-01 4.317101836204528809e-01
1.648436114192008972e-02 2.411594390869140625e-01 4.317101836204528809e-01
1.648436114192008972e-02 2.411594390869140625e-01 4.317101836204528809e-01
1.648436114192008972e-02 2.411594390869140625e-01 4.317101836204528809e-01
1.648436114192008972e-02 2.411594390869140625e-01 4.317101836204528809e-01
1.648436114192008972e-02 2.411594390869140625e-01 4.317101836204528809e-01
1.648436114192008972e-02 2.411594390869140625e-01 4.317101836204528809e-01
1.648436114192008972e-02 2.411594390869140625e-01 4.317101836204528809e-01
1.648436114192008972e-02 2.411594390869140625e-01 4.317101836204528809e-01
1.648436114192008972e-02 2.411594390869140625e-01 4.317101836204528809e-01
-1.031831279397010803e-01 1.360822319984436035e-01 4.086491167545318604e-01
1.037127897143363953e-01 2.529066205024719238e-01 4.350699186325073242e-01
1.648436114192008972e-02 2.411594390869140625e-01 4.317101836204528809e-01
-1.341601014137268066e-01 1.544905304908752441e-01 4.096953868865966797e-01
1.648436114192008972e-02 2.411594390869140625e-01 4.317101836204528809e-01
1.037127897143363953e-01 2.529066205024719238e-01 4.350699186325073242e-01
-4.145646095275878906e-02 1.106306612491607666e-01 4.056966304779052734e-01
2.157079428434371948e-02 2.554633021354675293e-01 4.356065988540649414e-01
1.648436114192008972e-02 2.411594390869140625e-01 4.317101836204528809e-01
-1.499579697847366333e-01 1.391962617635726929e-01 4.068002104759216309e-01
1.648436114192008972e-02 2.411594390869140625e-01 4.317101836204528809e-01
-5.272942408919334412e-02 1.904611736536026001e-01 4.226713776588439941e-01
1.648436114192008972e-02 2.411594390869140625e-01 4.317101836204528809e-01
-1.031831279397010803e-01 1.360822319984436035e-01 4.086491167545318604e-01
1.648436114192008972e-02 2.411594390869140625e-01 4.317101836204528809e-01
1.648436114192008972e-02 2.411594390869140625e-01 4.317101836204528809e-01
-1.447129249572753906e-01 1.351600289344787598e-01 4.096009433269500732e-01
-1.487182974815368652e-01 1.352663040161132812e-01 4.143112599849700928e-01
1.648436114192008972e-02 2.411594390869140625e-01 4.317101836204528809e-01
1.648436114192008972e-02 2.411594390869140625e-01 4.317101836204528809e-01
1.648436114192008972e-02 2.411594390869140625e-01 4.317101836204528809e-01
-1.574373394250869751e-01 1.307058036327362061e-01 4.163450002670288086e-01
-1.031831279397010803e-01 1.360822319984436035e-01 4.086491167545318604e-01
-1.244313046336174011e-01 1.429266780614852905e-01 4.094567894935607910e-01
-9.719996154308319092e-02 2.305559366941452026e-01 4.242017865180969238e-01
-1.031831279397010803e-01 1.360822319984436035e-01 4.086491167545318604e-01
-1.447129249572753906e-01 1.351600289344787598e-01 4.096009433269500732e-01
-1.031831279397010803e-01 1.360822319984436035e-01 4.086491167545318604e-01
1.648436114192008972e-02 2.411594390869140625e-01 4.317101836204528809e-01
1.648436114192008972e-02 2.411594390869140625e-01 4.317101836204528809e-01
-1.031831279397010803e-01 1.360822319984436035e-01 4.086491167545318604e-01
-1.447129249572753906e-01 1.351600289344787598e-01 4.096009433269500732e-01
1.648436114192008972e-02 2.411594390869140625e-01 4.317101836204528809e-01
-5.351597443222999573e-02 1.736911535263061523e-01 4.228107631206512451e-01
1.648436114192008972e-02 2.411594390869140625e-01 4.317101836204528809e-01
8.128098212182521820e-03 9.289765357971191406e-02 3.895172476768493652e-01
-1.031831279397010803e-01 1.360822319984436035e-01 4.086491167545318604e-01
-5.176159739494323730e-02 1.524867564439773560e-01 4.148211479187011719e-01
1.648436114192008972e-02 2.411594390869140625e-01 4.317101836204528809e-01
1.648436114192008972e-02 2.411594390869140625e-01 4.317101836204528809e-01
-1.031831279397010803e-01 1.360822319984436035e-01 4.086491167545318604e-01
1.648436114192008972e-02 2.411594390869140625e-01 4.317101836204528809e-01
-7.561766356229782104e-02 1.308183968067169189e-01 4.094792306423187256e-01
7.615502178668975830e-02 2.410110384225845337e-01 4.308813512325286865e-01
2.887480519711971283e-02 2.361160665750503540e-01 4.330338835716247559e-01
-5.545068997889757156e-03 1.422571539878845215e-01 4.101536870002746582e-01
-8.751146495342254639e-02 2.204687297344207764e-01 4.218266606330871582e-01
3.106796182692050934e-02 2.382179647684097290e-01 4.305469989776611328e-01
-6.557955592870712280e-02 2.238357812166213989e-01 4.280230402946472168e-01
-9.719996154308319092e-02 2.305559366941452026e-01 4.242017865180969238e-01
1.648436114192008972e-02 2.411594390869140625e-01 4.317101836204528809e-01
1.648436114192008972e-02 2.411594390869140625e-01 4.317101836204528809e-01
1.648436114192008972e-02 2.411594390869140625e-01 4.317101836204528809e-01
1.648436114192008972e-02 2.411594390869140625e-01 4.317101836204528809e-01
3.106796182692050934e-02 2.382179647684097290e-01 4.305469989776611328e-01
1.648436114192008972e-02 2.411594390869140625e-01 4.317101836204528809e-01
1.375698894262313843e-01 2.879637181758880615e-01 4.438660740852355957e-01
1.648436114192008972e-02 2.411594390869140625e-01 4.317101836204528809e-01
1.648436114192008972e-02 2.411594390869140625e-01 4.317101836204528809e-01
-9.719996154308319092e-02 2.305559366941452026e-01 4.242017865180969238e-01
-8.740275166928768158e-03 2.347466349601745605e-01 4.305925667285919189e-01
1.648436114192008972e-02 2.411594390869140625e-01 4.317101836204528809e-01
1.648436114192008972e-02 2.411594390869140625e-01 4.317101836204528809e-01
-1.193345487117767334e-01 2.101867496967315674e-01 4.191370010375976562e-01
-1.200739964842796326e-01 2.986586689949035645e-01 4.358555078506469727e-01
-8.740275166928768158e-03 2.347466349601745605e-01 4.305925667285919189e-01
1.037127897143363953e-01 2.529066205024719238e-01 4.350699186325073242e-01
1.648436114192008972e-02 2.411594390869140625e-01 4.317101836204528809e-01
1.648436114192008972e-02 2.411594390869140625e-01 4.317101836204528809e-01
1.648436114192008972e-02 2.411594390869140625e-01 4.317101836204528809e-01
1.648436114192008972e-02 2.411594390869140625e-01 4.317101836204528809e-01
1.648436114192008972e-02 2.411594390869140625e-01 4.317101836204528809e-01
1.648436114192008972e-02 2.411594390869140625e-01 4.317101836204528809e-01
1.648436114192008972e-02 2.411594390869140625e-01 4.317101836204528809e-01
1.648436114192008972e-02 2.411594390869140625e-01 4.317101836204528809e-01
-4.312002286314964294e-02 2.122337520122528076e-01 4.257264733314514160e-01
1.648436114192008972e-02 2.411594390869140625e-01 4.317101836204528809e-01
1.648436114192008972e-02 2.411594390869140625e-01 4.317101836204528809e-01
1.648436114192008972e-02 2.411594390869140625e-01 4.317101836204528809e-01
1.648436114192008972e-02 2.411594390869140625e-01 4.317101836204528809e-01
1.648436114192008972e-02 2.411594390869140625e-01 4.317101836204528809e-01
1.648436114192008972e-02 2.411594390869140625e-01 4.317101836204528809e-01
1.648436114192008972e-02 2.411594390869140625e-01 4.317101836204528809e-01
1.648436114192008972e-02 2.411594390869140625e-01 4.317101836204528809e-01
1.648436114192008972e-02 2.411594390869140625e-01 4.317101836204528809e-01
1.648436114192008972e-02 2.411594390869140625e-01 4.317101836204528809e-01
1.648436114192008972e-02 2.411594390869140625e-01 4.317101836204528809e-01
2.838517539203166962e-02 2.323602586984634399e-01 4.315444529056549072e-01
1.648436114192008972e-02 2.411594390869140625e-01 4.317101836204528809e-01
1.648436114192008972e-02 2.411594390869140625e-01 4.317101836204528809e-01
2.621884224936366081e-03 2.015974223613739014e-01 4.278546869754791260e-01
1.648436114192008972e-02 2.411594390869140625e-01 4.317101836204528809e-01
1.648436114192008972e-02 2.411594390869140625e-01 4.317101836204528809e-01
1.648436114192008972e-02 2.411594390869140625e-01 4.317101836204528809e-01
1.648436114192008972e-02 2.411594390869140625e-01 4.317101836204528809e-01
1.648436114192008972e-02 2.411594390869140625e-01 4.317101836204528809e-01
1.648436114192008972e-02 2.411594390869140625e-01 4.317101836204528809e-01
1.648436114192008972e-02 2.411594390869140625e-01 4.317101836204528809e-01
1.648436114192008972e-02 2.411594390869140625e-01 4.317101836204528809e-01
1.648436114192008972e-02 2.411594390869140625e-01 4.317101836204528809e-01
1.220641285181045532e-01 2.753640413284301758e-01 4.377862811088562012e-01
1.037127897143363953e-01 2.529066205024719238e-01 4.350699186325073242e-01
1.037127897143363953e-01 2.529066205024719238e-01 4.350699186325073242e-01
1.648436114192008972e-02 2.411594390869140625e-01 4.317101836204528809e-01
1.550252735614776611e-01 2.254803031682968140e-01 4.277887642383575439e-01
1.648436114192008972e-02 2.411594390869140625e-01 4.317101836204528809e-01
2.157079428434371948e-02 2.554633021354675293e-01 4.356065988540649414e-01
1.084967032074928284e-01 1.946364641189575195e-01 4.232735037803649902e-01
1.037127897143363953e-01 2.529066205024719238e-01 4.350699186325073242e-01
1.037127897143363953e-01 2.529066205024719238e-01 4.350699186325073242e-01
1.648436114192008972e-02 2.411594390869140625e-01 4.317101836204528809e-01
1.648436114192008972e-02 2.411594390869140625e-01 4.317101836204528809e-01
1.220641285181045532e-01 2.753640413284301758e-01 4.377862811088562012e-01
1.037127897143363953e-01 2.529066205024719238e-01 4.350699186325073242e-01
1.648436114192008972e-02 2.411594390869140625e-01 4.317101836204528809e-01
1.037127897143363953e-01 2.529066205024719238e-01 4.350699186325073242e-01
4.031287133693695068e-02 1.688122004270553589e-01 4.188623726367950439e-01
1.648436114192008972e-02 2.411594390869140625e-01 4.317101836204528809e-01
1.648436114192008972e-02 2.411594390869140625e-01 4.317101836204528809e-01
2.838517539203166962e-02 2.323602586984634399e-01 4.315444529056549072e-01
5.697207152843475342e-02 1.935633569955825806e-01 4.245537519454956055e-01
1.648436114192008972e-02 2.411594390869140625e-01 4.317101836204528809e-01
1.037127897143363953e-01 2.529066205024719238e-01 4.350699186325073242e-01
1.648436114192008972e-02 2.411594390869140625e-01 4.317101836204528809e-01
6.140798702836036682e-02 2.146769464015960693e-01 4.322195649147033691e-01
4.031287133693695068e-02 1.688122004270553589e-01 4.188623726367950439e-01
1.037127897143363953e-01 2.529066205024719238e-01 4.350699186325073242e-01
1.648436114192008972e-02 2.411594390869140625e-01 4.317101836204528809e-01
1.037127897143363953e-01 2.529066205024719238e-01 4.350699186325073242e-01
1.648436114192008972e-02 2.411594390869140625e-01 4.317101836204528809e-01
-7.283504307270050049e-02 2.221660017967224121e-01 4.201673865318298340e-01
-8.740275166928768158e-03 2.347466349601745605e-01 4.305925667285919189e-01
1.037127897143363953e-01 2.529066205024719238e-01 4.350699186325073242e-01
1.142264157533645630e-01 1.324239075183868408e-01 4.076959192752838135e-01
2.838517539203166962e-02 2.323602586984634399e-01 4.315444529056549072e-01
4.031287133693695068e-02 1.688122004270553589e-01 4.188623726367950439e-01
1.648436114192008972e-02 2.411594390869140625e-01 4.317101836204528809e-01
-4.026816692203283310e-03 1.916407346725463867e-01 4.235080480575561523e-01
1.075617894530296326e-01 1.522716879844665527e-01 4.081191718578338623e-01
1.078265532851219177e-01 1.192668229341506958e-01 4.072358310222625732e-01
1.648436114192008972e-02 2.411594390869140625e-01 4.317101836204528809e-01
-1.038920972496271133e-02 2.530431151390075684e-01 4.344053864479064941e-01
4.031287133693695068e-02 1.688122004270553589e-01 4.188623726367950439e-01
-7.070291787385940552e-02 1.806156784296035767e-01 4.203688502311706543e-01
2.838517539203166962e-02 2.323602586984634399e-01 4.315444529056549072e-01
-8.870442211627960205e-02 1.941078305244445801e-01 4.233400821685791016e-01
6.576237082481384277e-02 1.498299241065979004e-01 4.172483384609222412e-01
-5.272942408919334412e-02 1.904611736536026001e-01 4.226713776588439941e-01
7.381202280521392822e-02 1.393120735883712769e-01 4.154654741287231445e-01
1.142264157533645630e-01 1.324239075183868408e-01 4.076959192752838135e-01
4.031287133693695068e-02 1.688122004270553589e-01 4.188623726367950439e-01
1.472546607255935669e-01 1.107087880373001099e-01 4.096619486808776855e-01
1.648436114192008972e-02 2.411594390869140625e-01 4.317101836204528809e-01
4.031287133693695068e-02 1.688122004270553589e-01 4.188623726367950439e-01
1.078265532851219177e-01 1.192668229341506958e-01 4.072358310222625732e-01
1.426335722208023071e-01 1.425983458757400513e-01 4.156005084514617920e-01
-4.145646095275878906e-02 1.106306612491607666e-01 4.056966304779052734e-01
-1.680621653795242310e-01 1.268208473920822144e-01 4.008970260620117188e-01
9.179113060235977173e-02 1.273092478513717651e-01 4.138726890087127686e-01
-5.608127266168594360e-02 2.221875786781311035e-01 4.297353923320770264e-01
9.179113060235977173e-02 1.273092478513717651e-01 4.138726890087127686e-01
1.149377971887588501e-01 1.206060871481895447e-01 4.136489629745483398e-01
7.381202280521392822e-02 1.393120735883712769e-01 4.154654741287231445e-01
7.844907790422439575e-02 1.302339434623718262e-01 4.124059975147247314e-01
2.836970239877700806e-02 1.575559377670288086e-01 4.116598367691040039e-01
3.417693823575973511e-02 1.878750324249267578e-01 4.294008612632751465e-01
-1.491061449050903320e-01 1.389763206243515015e-01 4.085674285888671875e-01
2.049573697149753571e-02 1.314170807600021362e-01 4.131055474281311035e-01
7.381202280521392822e-02 1.393120735883712769e-01 4.154654741287231445e-01
1.648436114192008972e-02 2.411594390869140625e-01 4.317101836204528809e-01
1.648436114192008972e-02 2.411594390869140625e-01 4.317101836204528809e-01
1.213924512267112732e-01 6.388479471206665039e-02 3.997732102870941162e-01
-1.031831279397010803e-01 1.360822319984436035e-01 4.086491167545318604e-01
-3.605336416512727737e-03 2.488854229450225830e-01 4.489537477493286133e-01
-1.031831279397010803e-01 1.360822319984436035e-01 4.086491167545318604e-01
-1.378806978464126587e-01 9.258633106946945190e-02 4.057555198669433594e-01
1.183184757828712463e-01 1.653065234422683716e-01 4.246622323989868164e-01
1.648436114192008972e-02 2.411594390869140625e-01 4.317101836204528809e-01
1.648436114192008972e-02 2.411594390869140625e-01 4.317101836204528809e-01
1.648436114192008972e-02 2.411594390869140625e-01 4.317101836204528809e-01
-1.447129249572753906e-01 1.351600289344787598e-01 4.096009433269500732e-01
-9.719996154308319092e-02 2.305559366941452026e-01 4.242017865180969238e-01
1.648436114192008972e-02 2.411594390869140625e-01 4.317101836204528809e-01
-1.447129249572753906e-01 1.351600289344787598e-01 4.096009433269500732e-01
-1.447129249572753906e-01 1.351600289344787598e-01 4.096009433269500732e-01
-1.407269835472106934e-01 2.202514708042144775e-01 4.286070466041564941e-01
7.381202280521392822e-02 1.393120735883712769e-01 4.154654741287231445e-01
1.648436114192008972e-02 2.411594390869140625e-01 4.317101836204528809e-01
-1.619821041822433472e-01 1.099180206656455994e-01 4.161641001701354980e-01
-5.351597443222999573e-02 1.736911535263061523e-01 4.228107631206512451e-01
-1.031831279397010803e-01 1.360822319984436035e-01 4.086491167545318604e-01
1.648436114192008972e-02 2.411594390869140625e-01 4.317101836204528809e-01
-1.447129249572753906e-01 1.351600289344787598e-01 4.096009433269500732e-01
1.648436114192008972e-02 2.411594390869140625e-01 4.317101836204528809e-01
-1.584471464157104492e-01 2.335284948348999023e-01 4.172056317329406738e-01
-4.312002286314964294e-02 2.122337520122528076e-01 4.257264733314514160e-01
1.648436114192008972e-02 2.411594390869140625e-01 4.317101836204528809e-01
-1.447129249572753906e-01 1.351600289344787598e-01 4.096009433269500732e-01
1.648436114192008972e-02 2.411594390869140625e-01 4.317101836204528809e-01
-1.695172637701034546e-01 1.537310183048248291e-01 4.058580398559570312e-01
4.031287133693695068e-02 1.688122004270553589e-01 4.188623726367950439e-01
-4.681769385933876038e-02 3.283725976943969727e-01 4.602553248405456543e-01
-1.031831279397010803e-01 1.360822319984436035e-01 4.086491167545318604e-01
-5.857926234602928162e-02 1.739827990531921387e-01 4.158829152584075928e-01
-9.719996154308319092e-02 2.305559366941452026e-01 4.242017865180969238e-01
1.648436114192008972e-02 2.411594390869140625e-01 4.317101836204528809e-01
1.648436114192008972e-02 2.411594390869140625e-01 4.317101836204528809e-01
-4.312002286314964294e-02 2.122337520122528076e-01 4.257264733314514160e-01
3.938294574618339539e-02 2.730514407157897949e-01 4.346750378608703613e-01
1.648436114192008972e-02 2.411594390869140625e-01 4.317101836204528809e-01
-8.740275166928768158e-03 2.347466349601745605e-01 4.305925667285919189e-01
-1.193345487117767334e-01 2.101867496967315674e-01 4.191370010375976562e-01
1.648436114192008972e-02 2.411594390869140625e-01 4.317101836204528809e-01
1.648436114192008972e-02 2.411594390869140625e-01 4.317101836204528809e-01
-8.740275166928768158e-03 2.347466349601745605e-01 4.305925667285919189e-01
1.648436114192008972e-02 2.411594390869140625e-01 4.317101836204528809e-01
-7.283504307270050049e-02 2.221660017967224121e-01 4.201673865318298340e-01
1.648436114192008972e-02 2.411594390869140625e-01 4.317101836204528809e-01
1.648436114192008972e-02 2.411594390869140625e-01 4.317101836204528809e-01
1.037127897143363953e-01 2.529066205024719238e-01 4.350699186325073242e-01
9.141419082880020142e-02 1.258268803358078003e-01 4.226475059986114502e-01
1.648436114192008972e-02 2.411594390869140625e-01 4.317101836204528809e-01
-8.740275166928768158e-03 2.347466349601745605e-01 4.305925667285919189e-01
1.648436114192008972e-02 2.411594390869140625e-01 4.317101836204528809e-01
1.648436114192008972e-02 2.411594390869140625e-01 4.317101836204528809e-01
6.705462187528610229e-02 3.189680278301239014e-01 4.470568001270294189e-01
1.648436114192008972e-02 2.411594390869140625e-01 4.317101836204528809e-01
-9.719996154308319092e-02 2.305559366941452026e-01 4.242017865180969238e-01
1.648436114192008972e-02 2.411594390869140625e-01 4.317101836204528809e-01
2.887480519711971283e-02 2.361160665750503540e-01 4.330338835716247559e-01
1.648436114192008972e-02 2.411594390869140625e-01 4.317101836204528809e-01
1.648436114192008972e-02 2.411594390869140625e-01 4.317101836204528809e-01
1.648436114192008972e-02 2.411594390869140625e-01 4.317101836204528809e-01
1.648436114192008972e-02 2.411594390869140625e-01 4.317101836204528809e-01
1.648436114192008972e-02 2.411594390869140625e-01 4.317101836204528809e-01
1.648436114192008972e-02 2.411594390869140625e-01 4.317101836204528809e-01
1.648436114192008972e-02 2.411594390869140625e-01 4.317101836204528809e-01
1.648436114192008972e-02 2.411594390869140625e-01 4.317101836204528809e-01
2.831053920090198517e-02 2.676280736923217773e-01 4.390209317207336426e-01
1.648436114192008972e-02 2.411594390869140625e-01 4.317101836204528809e-01
1.648436114192008972e-02 2.411594390869140625e-01 4.317101836204528809e-01
-8.740275166928768158e-03 2.347466349601745605e-01 4.305925667285919189e-01
1.648436114192008972e-02 2.411594390869140625e-01 4.317101836204528809e-01
1.648436114192008972e-02 2.411594390869140625e-01 4.317101836204528809e-01
1.648436114192008972e-02 2.411594390869140625e-01 4.317101836204528809e-01
-4.312002286314964294e-02 2.122337520122528076e-01 4.257264733314514160e-01
1.648436114192008972e-02 2.411594390869140625e-01 4.317101836204528809e-01
2.838517539203166962e-02 2.323602586984634399e-01 4.315444529056549072e-01
2.838517539203166962e-02 2.323602586984634399e-01 4.315444529056549072e-01
1.648436114192008972e-02 2.411594390869140625e-01 4.317101836204528809e-01
4.810467734932899475e-02 1.175609156489372253e-01 4.153692126274108887e-01
1.648436114192008972e-02 2.411594390869140625e-01 4.317101836204528809e-01
-1.046700403094291687e-02 2.029767036437988281e-01 4.300997853279113770e-01
2.157079428434371948e-02 2.554633021354675293e-01 4.356065988540649414e-01
1.648436114192008972e-02 2.411594390869140625e-01 4.317101836204528809e-01
1.648436114192008972e-02 2.411594390869140625e-01 4.317101836204528809e-01
1.375698894262313843e-01 2.879637181758880615e-01 4.438660740852355957e-01
1.238102391362190247e-01 3.590404093265533447e-01 4.534944593906402588e-01
7.324945926666259766e-02 3.350522816181182861e-01 4.497954249382019043e-01
1.648436114192008972e-02 2.411594390869140625e-01 4.317101836204528809e-01
1.648436114192008972e-02 2.411594390869140625e-01 4.317101836204528809e-01
1.375698894262313843e-01 2.879637181758880615e-01 4.438660740852355957e-01
1.648436114192008972e-02 2.411594390869140625e-01 4.317101836204528809e-01
9.519365429878234863e-02 2.390882074832916260e-01 4.275680780410766602e-01
1.648436114192008972e-02 2.411594390869140625e-01 4.317101836204528809e-01
1.648436114192008972e-02 2.411594390869140625e-01 4.317101836204528809e-01
1.648436114192008972e-02 2.411594390869140625e-01 4.317101836204528809e-01
1.648436114192008972e-02 2.411594390869140625e-01 4.317101836204528809e-01
1.648436114192008972e-02 2.411594390869140625e-01 4.317101836204528809e-01
3.043320588767528534e-02 1.717830300331115723e-01 4.251502752304077148e-01
1.648436114192008972e-02 2.411594390869140625e-01 4.317101836204528809e-01
1.648436114192008972e-02 2.411594390869140625e-01 4.317101836204528809e-01
1.648436114192008972e-02 2.411594390869140625e-01 4.317101836204528809e-01
1.648436114192008972e-02 2.411594390869140625e-01 4.317101836204528809e-01
1.648436114192008972e-02 2.411594390869140625e-01 4.317101836204528809e-01
2.838517539203166962e-02 2.323602586984634399e-01 4.315444529056549072e-01
1.648436114192008972e-02 2.411594390869140625e-01 4.317101836204528809e-01
1.648436114192008972e-02 2.411594390869140625e-01 4.317101836204528809e-01
1.648436114192008972e-02 2.411594390869140625e-01 4.317101836204528809e-01
1.648436114192008972e-02 2.411594390869140625e-01 4.317101836204528809e-01
1.648436114192008972e-02 2.411594390869140625e-01 4.317101836204528809e-01
1.648436114192008972e-02 2.411594390869140625e-01 4.317101836204528809e-01
1.648436114192008972e-02 2.411594390869140625e-01 4.317101836204528809e-01
1.648436114192008972e-02 2.411594390869140625e-01 4.317101836204528809e-01
1.307343244552612305e-01 2.849499285221099854e-01 4.419328272342681885e-01
1.648436114192008972e-02 2.411594390869140625e-01 4.317101836204528809e-01
1.648436114192008972e-02 2.411594390869140625e-01 4.317101836204528809e-01
1.648436114192008972e-02 2.411594390869140625e-01 4.317101836204528809e-01
2.157079428434371948e-02 2.554633021354675293e-01 4.356065988540649414e-01
1.648436114192008972e-02 2.411594390869140625e-01 4.317101836204528809e-01
1.105642914772033691e-01 1.212194710969924927e-01 4.099978208541870117e-01
1.037127897143363953e-01 2.529066205024719238e-01 4.350699186325073242e-01
1.220641285181045532e-01 2.753640413284301758e-01 4.377862811088562012e-01
1.182466968894004822e-01 9.131229668855667114e-02 4.118182063102722168e-01
7.484063506126403809e-02 1.889999508857727051e-01 4.233270883560180664e-01
1.220641285181045532e-01 2.753640413284301758e-01 4.377862811088562012e-01
1.037127897143363953e-01 2.529066205024719238e-01 4.350699186325073242e-01
1.648436114192008972e-02 2.411594390869140625e-01 4.317101836204528809e-01
1.648436114192008972e-02 2.411594390869140625e-01 4.317101836204528809e-01
1.037127897143363953e-01 2.529066205024719238e-01 4.350699186325073242e-01
1.648436114192008972e-02 2.411594390869140625e-01 4.317101836204528809e-01
1.648436114192008972e-02 2.411594390869140625e-01 4.317101836204528809e-01
1.648436114192008972e-02 2.411594390869140625e-01 4.317101836204528809e-01
2.887480519711971283e-02 2.361160665750503540e-01 4.330338835716247559e-01
1.648436114192008972e-02 2.411594390869140625e-01 4.317101836204528809e-01
5.697207152843475342e-02 1.935633569955825806e-01 4.245537519454956055e-01
1.648436114192008972e-02 2.411594390869140625e-01 4.317101836204528809e-01
2.887480519711971283e-02 2.361160665750503540e-01 4.330338835716247559e-01
1.648436114192008972e-02 2.411594390869140625e-01 4.317101836204528809e-01
5.697207152843475342e-02 1.935633569955825806e-01 4.245537519454956055e-01
1.648436114192008972e-02 2.411594390869140625e-01 4.317101836204528809e-01
1.648436114192008972e-02 2.411594390869140625e-01 4.317101836204528809e-01
1.375698894262313843e-01 2.879637181758880615e-01 4.438660740852355957e-01
5.697207152843475342e-02 1.935633569955825806e-01 4.245537519454956055e-01
1.307343244552612305e-01 2.849499285221099854e-01 4.419328272342681885e-01
-1.046700403094291687e-02 2.029767036437988281e-01 4.300997853279113770e-01
1.648436114192008972e-02 2.411594390869140625e-01 4.317101836204528809e-01
1.037127897143363953e-01 2.529066205024719238e-01 4.350699186325073242e-01
1.037127897143363953e-01 2.529066205024719238e-01 4.350699186325073242e-01
1.648436114192008972e-02 2.411594390869140625e-01 4.317101836204528809e-01
5.697207152843475342e-02 1.935633569955825806e-01 4.245537519454956055e-01
1.648436114192008972e-02 2.411594390869140625e-01 4.317101836204528809e-01
1.037127897143363953e-01 2.529066205024719238e-01 4.350699186325073242e-01
1.037127897143363953e-01 2.529066205024719238e-01 4.350699186325073242e-01
3.737413510680198669e-02 3.117051124572753906e-01 4.483426511287689209e-01
-1.046700403094291687e-02 2.029767036437988281e-01 4.300997853279113770e-01
1.348655670881271362e-02 2.420991659164428711e-01 4.383900761604309082e-01
1.648436114192008972e-02 2.411594390869140625e-01 4.317101836204528809e-01
2.157079428434371948e-02 2.554633021354675293e-01 4.356065988540649414e-01
1.648436114192008972e-02 2.411594390869140625e-01 4.317101836204528809e-01
1.648436114192008972e-02 2.411594390869140625e-01 4.317101836204528809e-01
1.648436114192008972e-02 2.411594390869140625e-01 4.317101836204528809e-01
1.648436114192008972e-02 2.411594390869140625e-01 4.317101836204528809e-01
1.648436114192008972e-02 2.411594390869140625e-01 4.317101836204528809e-01
1.348655670881271362e-02 2.420991659164428711e-01 4.383900761604309082e-01
-1.046700403094291687e-02 2.029767036437988281e-01 4.300997853279113770e-01
1.648436114192008972e-02 2.411594390869140625e-01 4.317101836204528809e-01
1.648436114192008972e-02 2.411594390869140625e-01 4.317101836204528809e-01
1.100717112421989441e-01 1.351221352815628052e-01 4.122406542301177979e-01
3.737413510680198669e-02 3.117051124572753906e-01 4.483426511287689209e-01
1.037127897143363953e-01 2.529066205024719238e-01 4.350699186325073242e-01
1.105642914772033691e-01 1.212194710969924927e-01 4.099978208541870117e-01
5.697207152843475342e-02 1.935633569955825806e-01 4.245537519454956055e-01
1.648436114192008972e-02 2.411594390869140625e-01 4.317101836204528809e-01
1.037127897143363953e-01 2.529066205024719238e-01 4.350699186325073242e-01
1.648436114192008972e-02 2.411594390869140625e-01 4.317101836204528809e-01
1.037127897143363953e-01 2.529066205024719238e-01 4.350699186325073242e-01
1.648436114192008972e-02 2.411594390869140625e-01 4.317101836204528809e-01
1.037127897143363953e-01 2.529066205024719238e-01 4.350699186325073242e-01
2.838517539203166962e-02 2.323602586984634399e-01 4.315444529056549072e-01
-4.026816692203283310e-03 1.916407346725463867e-01 4.235080480575561523e-01
1.037127897143363953e-01 2.529066205024719238e-01 4.350699186325073242e-01
1.648436114192008972e-02 2.411594390869140625e-01 4.317101836204528809e-01
-8.740275166928768158e-03 2.347466349601745605e-01 4.305925667285919189e-01
-5.482721142470836639e-03 2.688565254211425781e-01 4.351471662521362305e-01
1.648436114192008972e-02 2.411594390869140625e-01 4.317101836204528809e-01
1.037127897143363953e-01 2.529066205024719238e-01 4.350699186325073242e-01
1.220641285181045532e-01 2.753640413284301758e-01 4.377862811088562012e-01
-6.077844649553298950e-03 1.257434487342834473e-01 4.114661812782287598e-01
6.576237082481384277e-02 1.498299241065979004e-01 4.172483384609222412e-01
1.648436114192008972e-02 2.411594390869140625e-01 4.317101836204528809e-01
1.037127897143363953e-01 2.529066205024719238e-01 4.350699186325073242e-01
1.648436114192008972e-02 2.411594390869140625e-01 4.317101836204528809e-01
-1.193345487117767334e-01 2.101867496967315674e-01 4.191370010375976562e-01
1.648436114192008972e-02 2.411594390869140625e-01 4.317101836204528809e-01
1.648436114192008972e-02 2.411594390869140625e-01 4.317101836204528809e-01
1.648436114192008972e-02 2.411594390869140625e-01 4.317101836204528809e-01
4.031287133693695068e-02 1.688122004270553589e-01 4.188623726367950439e-01
1.468746736645698547e-02 1.556919962167739868e-01 4.146409034729003906e-01
1.037127897143363953e-01 2.529066205024719238e-01 4.350699186325073242e-01
1.037127897143363953e-01 2.529066205024719238e-01 4.350699186325073242e-01
8.774653077125549316e-02 1.687059104442596436e-01 4.169719517230987549e-01
4.031287133693695068e-02 1.688122004270553589e-01 4.188623726367950439e-01
1.648436114192008972e-02 2.411594390869140625e-01 4.317101836204528809e-01
1.037127897143363953e-01 2.529066205024719238e-01 4.350699186325073242e-01
1.005822345614433289e-01 1.997928470373153687e-01 4.261300563812255859e-01
2.836970239877700806e-02 1.575559377670288086e-01 4.116598367691040039e-01
1.648436114192008972e-02 2.411594390869140625e-01 4.317101836204528809e-01
1.370056271553039551e-01 1.534382998943328857e-01 4.160883128643035889e-01
7.017435133457183838e-02 1.276996433734893799e-01 4.090799689292907715e-01
4.031287133693695068e-02 1.688122004270553589e-01 4.188623726367950439e-01
1.159725189208984375e-01 1.204453259706497192e-01 4.095755219459533691e-01
1.078265532851219177e-01 1.192668229341506958e-01 4.072358310222625732e-01
1.325844079256057739e-01 1.158746182918548584e-01 4.122346043586730957e-01
7.381202280521392822e-02 1.393120735883712769e-01 4.154654741287231445e-01
9.245175123214721680e-02 1.189233586192131042e-01 4.157358705997467041e-01
1.078265532851219177e-01 1.192668229341506958e-01 4.072358310222625732e-01
8.072356134653091431e-02 1.566368043422698975e-01 4.066547751426696777e-01
-2.121089259162545204e-03 8.389311283826828003e-02 3.973105549812316895e-01
1.274200230836868286e-01 1.290131509304046631e-01 4.137794673442840576e-01
1.013474762439727783e-01 1.036050543189048767e-01 4.210009276866912842e-01
1.589492410421371460e-01 6.084778904914855957e-02 4.059762060642242432e-01
4.810467734932899475e-02 1.175609156489372253e-01 4.153692126274108887e-01
-4.312002286314964294e-02 2.122337520122528076e-01 4.257264733314514160e-01
4.031287133693695068e-02 1.688122004270553589e-01 4.188623726367950439e-01
2.350195497274398804e-01 5.624420940876007080e-03 3.573548495769500732e-01
9.442432969808578491e-02 1.578827798366546631e-01 4.178816378116607666e-01
-1.046700403094291687e-02 2.029767036437988281e-01 4.300997853279113770e-01
7.153642922639846802e-02 1.537957340478897095e-01 4.214193224906921387e-01
-4.312002286314964294e-02 2.122337520122528076e-01 4.257264733314514160e-01
-7.708659768104553223e-02 2.797308266162872314e-01 4.412317872047424316e-01
-4.312002286314964294e-02 2.122337520122528076e-01 4.257264733314514160e-01
-1.517556011676788330e-01 1.245725676417350769e-01 3.981426656246185303e-01
1.648436114192008972e-02 2.411594390869140625e-01 4.317101836204528809e-01
-4.145646095275878906e-02 1.106306612491607666e-01 4.056966304779052734e-01
1.648436114192008972e-02 2.411594390869140625e-01 4.317101836204528809e-01
-1.447129249572753906e-01 1.351600289344787598e-01 4.096009433269500732e-01
1.648436114192008972e-02 2.411594390869140625e-01 4.317101836204528809e-01
-9.816697984933853149e-02 1.388339698314666748e-01 4.106987714767456055e-01
-1.516482084989547729e-01 1.177632436156272888e-01 4.005011320114135742e-01
1.648436114192008972e-02 2.411594390869140625e-01 4.317101836204528809e-01
-1.046700403094291687e-02 2.029767036437988281e-01 4.300997853279113770e-01
-1.574373394250869751e-01 1.307058036327362061e-01 4.163450002670288086e-01
-1.487182974815368652e-01 1.352663040161132812e-01 4.143112599849700928e-01
-1.031831279397010803e-01 1.360822319984436035e-01 4.086491167545318604e-01
-1.031831279397010803e-01 1.360822319984436035e-01 4.086491167545318604e-01
-1.081336140632629395e-01 1.184971183538436890e-01 3.945372104644775391e-01
-1.031831279397010803e-01 1.360822319984436035e-01 4.086491167545318604e-01
-1.074189394712448120e-01 1.834190189838409424e-01 4.205485582351684570e-01
1.648436114192008972e-02 2.411594390869140625e-01 4.317101836204528809e-01
1.648436114192008972e-02 2.411594390869140625e-01 4.317101836204528809e-01
-5.176159739494323730e-02 1.524867564439773560e-01 4.148211479187011719e-01
-5.351597443222999573e-02 1.736911535263061523e-01 4.228107631206512451e-01
1.648436114192008972e-02 2.411594390869140625e-01 4.317101836204528809e-01
-1.031831279397010803e-01 1.360822319984436035e-01 4.086491167545318604e-01
-1.031831279397010803e-01 1.360822319984436035e-01 4.086491167545318604e-01
4.031287133693695068e-02 1.688122004270553589e-01 4.188623726367950439e-01
-4.312002286314964294e-02 2.122337520122528076e-01 4.257264733314514160e-01
1.648436114192008972e-02 2.411594390869140625e-01 4.317101836204528809e-01
-1.513162553310394287e-01 1.157272756099700928e-01 4.068052172660827637e-01
1.648436114192008972e-02 2.411594390869140625e-01 4.317101836204528809e-01
-9.719996154308319092e-02 2.305559366941452026e-01 4.242017865180969238e-01
-1.042382940649986267e-01 2.092796266078948975e-01 4.181832075119018555e-01
1.648436114192008972e-02 2.411594390869140625e-01 4.317101836204528809e-01
-4.026816692203283310e-03 1.916407346725463867e-01 4.235080480575561523e-01
9.617053717374801636e-02 2.838696539402008057e-01 4.400820732116699219e-01
-8.408463746309280396e-02 2.570177316665649414e-01 4.312860369682312012e-01
-8.740275166928768158e-03 2.347466349601745605e-01 4.305925667285919189e-01
1.648436114192008972e-02 2.411594390869140625e-01 4.317101836204528809e-01
-9.719996154308319092e-02 2.305559366941452026e-01 4.242017865180969238e-01
1.648436114192008972e-02 2.411594390869140625e-01 4.317101836204528809e-01
-9.719996154308319092e-02 2.305559366941452026e-01 4.242017865180969238e-01
-4.312002286314964294e-02 2.122337520122528076e-01 4.257264733314514160e-01
-9.719996154308319092e-02 2.305559366941452026e-01 4.242017865180969238e-01
1.648436114192008972e-02 2.411594390869140625e-01 4.317101836204528809e-01
1.648436114192008972e-02 2.411594390869140625e-01 4.317101836204528809e-01
-4.312002286314964294e-02 2.122337520122528076e-01 4.257264733314514160e-01
-1.193345487117767334e-01 2.101867496967315674e-01 4.191370010375976562e-01
1.648436114192008972e-02 2.411594390869140625e-01 4.317101836204528809e-01
-8.740275166928768158e-03 2.347466349601745605e-01 4.305925667285919189e-01
1.037127897143363953e-01 2.529066205024719238e-01 4.350699186325073242e-01
-9.719996154308319092e-02 2.305559366941452026e-01 4.242017865180969238e-01
1.648436114192008972e-02 2.411594390869140625e-01 4.317101836204528809e-01
1.648436114192008972e-02 2.411594390869140625e-01 4.317101836204528809e-01
1.648436114192008972e-02 2.411594390869140625e-01 4.317101836204528809e-01
1.648436114192008972e-02 2.411594390869140625e-01 4.317101836204528809e-01
-1.026833951473236084e-01 1.877060532569885254e-01 4.212064146995544434e-01
2.838517539203166962e-02 2.323602586984634399e-01 4.315444529056549072e-01
1.648436114192008972e-02 2.411594390869140625e-01 4.317101836204528809e-01
2.838517539203166962e-02 2.323602586984634399e-01 4.315444529056549072e-01
1.648436114192008972e-02 2.411594390869140625e-01 4.317101836204528809e-01
2.308435179293155670e-02 2.367961555719375610e-01 4.273748993873596191e-01
3.043320588767528534e-02 1.717830300331115723e-01 4.251502752304077148e-01
1.648436114192008972e-02 2.411594390869140625e-01 4.317101836204528809e-01
1.648436114192008972e-02 2.411594390869140625e-01 4.317101836204528809e-01
1.648436114192008972e-02 2.411594390869140625e-01 4.317101836204528809e-01
1.220641285181045532e-01 2.753640413284301758e-01 4.377862811088562012e-01
1.037127897143363953e-01 2.529066205024719238e-01 4.350699186325073242e-01
1.648436114192008972e-02 2.411594390869140625e-01 4.317101836204528809e-01
1.648436114192008972e-02 2.411594390869140625e-01 4.317101836204528809e-01
1.037127897143363953e-01 2.529066205024719238e-01 4.350699186325073242e-01
1.648436114192008972e-02 2.411594390869140625e-01 4.317101836204528809e-01
1.648436114192008972e-02 2.411594390869140625e-01 4.317101836204528809e-01
1.648436114192008972e-02 2.411594390869140625e-01 4.317101836204528809e-01
1.648436114192008972e-02 2.411594390869140625e-01 4.317101836204528809e-01
1.648436114192008972e-02 2.411594390869140625e-01 4.317101836204528809e-01
1.648436114192008972e-02 2.411594390869140625e-01 4.317101836204528809e-01
1.648436114192008972e-02 2.411594390869140625e-01 4.317101836204528809e-01
1.648436114192008972e-02 2.411594390869140625e-01 4.317101836204528809e-01
1.648436114192008972e-02 2.411594390869140625e-01 4.317101836204528809e-01
1.648436114192008972e-02 2.411594390869140625e-01 4.317101836204528809e-01
2.831053920090198517e-02 2.676280736923217773e-01 4.390209317207336426e-01
1.648436114192008972e-02 2.411594390869140625e-01 4.317101836204528809e-01
1.648436114192008972e-02 2.411594390869140625e-01 4.317101836204528809e-01
1.648436114192008972e-02 2.411594390869140625e-01 4.317101836204528809e-01
1.648436114192008972e-02 2.411594390869140625e-01 4.317101836204528809e-01
1.037127897143363953e-01 2.529066205024719238e-01 4.350699186325073242e-01
1.648436114192008972e-02 2.411594390869140625e-01 4.317101836204528809e-01
1.648436114192008972e-02 2.411594390869140625e-01 4.317101836204528809e-01
1.648436114192008972e-02 2.411594390869140625e-01 4.317101836204528809e-01
1.037127897143363953e-01 2.529066205024719238e-01 4.350699186325073242e-01
1.037127897143363953e-01 2.529066205024719238e-01 4.350699186325073242e-01
1.648436114192008972e-02 2.411594390869140625e-01 4.317101836204528809e-01
1.648436114192008972e-02 2.411594390869140625e-01 4.317101836204528809e-01
1.037127897143363953e-01 2.529066205024719238e-01 4.350699186325073242e-01
-1.038920972496271133e-02 2.530431151390075684e-01 4.344053864479064941e-01
8.049742877483367920e-02 1.277806311845779419e-01 4.131265282630920410e-01
1.037127897143363953e-01 2.529066205024719238e-01 4.350699186325073242e-01
1.648436114192008972e-02 2.411594390869140625e-01 4.317101836204528809e-01
1.648436114192008972e-02 2.411594390869140625e-01 4.317101836204528809e-01
1.037127897143363953e-01 2.529066205024719238e-01 4.350699186325073242e-01
1.648436114192008972e-02 2.411594390869140625e-01 4.317101836204528809e-01
1.037127897143363953e-01 2.529066205024719238e-01 4.350699186325073242e-01
1.648436114192008972e-02 2.411594390869140625e-01 4.317101836204528809e-01
1.648436114192008972e-02 2.411594390869140625e-01 4.317101836204528809e-01
1.648436114192008972e-02 2.411594390869140625e-01 4.317101836204528809e-01
1.037127897143363953e-01 2.529066205024719238e-01 4.350699186325073242e-01
1.648436114192008972e-02 2.411594390869140625e-01 4.317101836204528809e-01
1.037127897143363953e-01 2.529066205024719238e-01 4.350699186325073242e-01
1.648436114192008972e-02 2.411594390869140625e-01 4.317101836204528809e-01
1.648436114192008972e-02 2.411594390869140625e-01 4.317101836204528809e-01
9.519365429878234863e-02 2.390882074832916260e-01 4.275680780410766602e-01
9.519365429878234863e-02 2.390882074832916260e-01 4.275680780410766602e-01
5.138083919882774353e-02 2.616454362869262695e-01 4.383487701416015625e-01
2.838517539203166962e-02 2.323602586984634399e-01 4.315444529056549072e-01
1.648436114192008972e-02 2.411594390869140625e-01 4.317101836204528809e-01
1.398333013057708740e-01 2.408749610185623169e-01 4.299257397651672363e-01
2.838517539203166962e-02 2.323602586984634399e-01 4.315444529056549072e-01
1.160022094845771790e-01 1.367193460464477539e-01 4.155426621437072754e-01
1.037127897143363953e-01 2.529066205024719238e-01 4.350699186325073242e-01
9.519365429878234863e-02 2.390882074832916260e-01 4.275680780410766602e-01
1.648436114192008972e-02 2.411594390869140625e-01 4.317101836204528809e-01
2.838517539203166962e-02 2.323602586984634399e-01 4.315444529056549072e-01
1.648436114192008972e-02 2.411594390869140625e-01 4.317101836204528809e-01
1.037127897143363953e-01 2.529066205024719238e-01 4.350699186325073242e-01
-4.437355697154998779e-02 2.826945781707763672e-01 4.432252645492553711e-01
3.063692450523376465e-01 3.267753720283508301e-01 4.554250836372375488e-01
1.648436114192008972e-02 2.411594390869140625e-01 4.317101836204528809e-01
1.787559241056442261e-01 2.533026933670043945e-01 4.373479187488555908e-01
1.648436114192008972e-02 2.411594390869140625e-01 4.317101836204528809e-01
1.037127897143363953e-01 2.529066205024719238e-01 4.350699186325073242e-01
-5.857926234602928162e-02 1.739827990531921387e-01 4.158829152584075928e-01
7.017435133457183838e-02 1.276996433734893799e-01 4.090799689292907715e-01
2.838517539203166962e-02 2.323602586984634399e-01 4.315444529056549072e-01
1.648436114192008972e-02 2.411594390869140625e-01 4.317101836204528809e-01
1.200413480401039124e-01 2.417300045490264893e-01 4.395613670349121094e-01
-8.740275166928768158e-03 2.347466349601745605e-01 4.305925667285919189e-01
1.220641285181045532e-01 2.753640413284301758e-01 4.377862811088562012e-01
-5.604522302746772766e-03 2.441712170839309692e-01 4.377018511295318604e-01
1.274200230836868286e-01 1.290131509304046631e-01 4.137794673442840576e-01
1.078265532851219177e-01 1.192668229341506958e-01 4.072358310222625732e-01
-4.312002286314964294e-02 2.122337520122528076e-01 4.257264733314514160e-01
4.810467734932899475e-02 1.175609156489372253e-01 4.153692126274108887e-01
2.157079428434371948e-02 2.554633021354675293e-01 4.356065988540649414e-01
4.031287133693695068e-02 1.688122004270553589e-01 4.188623726367950439e-01
1.078265532851219177e-01 1.192668229341506958e-01 4.072358310222625732e-01
4.031287133693695068e-02 1.688122004270553589e-01 4.188623726367950439e-01
7.615502178668975830e-02 2.410110384225845337e-01 4.308813512325286865e-01
4.031287133693695068e-02 1.688122004270553589e-01 4.188623726367950439e-01
1.302785724401473999e-01 7.571107894182205200e-02 4.102331101894378662e-01
7.381202280521392822e-02 1.393120735883712769e-01 4.154654741287231445e-01
1.648436114192008972e-02 2.411594390869140625e-01 4.317101836204528809e-01
6.670921295881271362e-02 1.771071553230285645e-01 4.379794299602508545e-01
1.648436114192008972e-02 2.411594390869140625e-01 4.317101836204528809e-01
1.648436114192008972e-02 2.411594390869140625e-01 4.317101836204528809e-01
1.648436114192008972e-02 2.411594390869140625e-01 4.317101836204528809e-01
-4.312002286314964294e-02 2.122337520122528076e-01 4.257264733314514160e-01
3.043320588767528534e-02 1.717830300331115723e-01 4.251502752304077148e-01
1.648436114192008972e-02 2.411594390869140625e-01 4.317101836204528809e-01
8.308630436658859253e-02 1.657376885414123535e-01 4.238845109939575195e-01
1.149377971887588501e-01 1.206060871481895447e-01 4.136489629745483398e-01
1.241126731038093567e-01 1.768953055143356323e-01 4.280365705490112305e-01
7.381202280521392822e-02 1.393120735883712769e-01 4.154654741287231445e-01
8.971882611513137817e-02 8.547464013099670410e-02 4.171539545059204102e-01
-3.805084154009819031e-02 1.177438274025917053e-01 4.109373688697814941e-01
-4.145646095275878906e-02 1.106306612491607666e-01 4.056966304779052734e-01
1.648436114192008972e-02 2.411594390869140625e-01 4.317101836204528809e-01
1.220641285181045532e-01 2.753640413284301758e-01 4.377862811088562012e-01
1.429512053728103638e-01 5.286143720149993896e-02 3.854520916938781738e-01
1.648436114192008972e-02 2.411594390869140625e-01 4.317101836204528809e-01
1.648436114192008972e-02 2.411594390869140625e-01 4.317101836204528809e-01
4.031287133693695068e-02 1.688122004270553589e-01 4.188623726367950439e-01
1.648436114192008972e-02 2.411594390869140625e-01 4.317101836204528809e-01
-1.447129249572753906e-01 1.351600289344787598e-01 4.096009433269500732e-01
-1.748377531766891479e-01 1.406767964363098145e-01 4.082178473472595215e-01
-1.447129249572753906e-01 1.351600289344787598e-01 4.096009433269500732e-01
1.648436114192008972e-02 2.411594390869140625e-01 4.317101836204528809e-01
-1.447129249572753906e-01 1.351600289344787598e-01 4.096009433269500732e-01
3.417693823575973511e-02 1.878750324249267578e-01 4.294008612632751465e-01
-1.415763646364212036e-01 1.496517360210418701e-01 4.099752306938171387e-01
1.370056271553039551e-01 1.534382998943328857e-01 4.160883128643035889e-01
-1.031831279397010803e-01 1.360822319984436035e-01 4.086491167545318604e-01
-1.031831279397010803e-01 1.360822319984436035e-01 4.086491167545318604e-01
-1.031831279397010803e-01 1.360822319984436035e-01 4.086491167545318604e-01
-9.719996154308319092e-02 2.305559366941452026e-01 4.242017865180969238e-01
-1.736820787191390991e-01 9.151864051818847656e-02 4.128599762916564941e-01
-1.031831279397010803e-01 1.360822319984436035e-01 4.086491167545318604e-01
-4.364843294024467468e-02 2.391078472137451172e-01 4.278805553913116455e-01
4.031287133693695068e-02 1.688122004270553589e-01 4.188623726367950439e-01
-1.031831279397010803e-01 1.360822319984436035e-01 4.086491167545318604e-01
1.648436114192008972e-02 2.411594390869140625e-01 4.317101836204528809e-01
-4.220869392156600952e-02 2.372521758079528809e-01 4.369652271270751953e-01
-4.312002286314964294e-02 2.122337520122528076e-01 4.257264733314514160e-01
1.648436114192008972e-02 2.411594390869140625e-01 4.317101836204528809e-01
1.648436114192008972e-02 2.411594390869140625e-01 4.317101836204528809e-01
1.648436114192008972e-02 2.411594390869140625e-01 4.317101836204528809e-01
1.648436114192008972e-02 2.411594390869140625e-01 4.317101836204528809e-01
1.648436114192008972e-02 2.411594390869140625e-01 4.317101836204528809e-01
1.648436114192008972e-02 2.411594390869140625e-01 4.317101836204528809e-01
1.648436114192008972e-02 2.411594390869140625e-01 4.317101836204528809e-01
-4.312002286314964294e-02 2.122337520122528076e-01 4.257264733314514160e-01
-8.751146495342254639e-02 2.204687297344207764e-01 4.218266606330871582e-01
1.648436114192008972e-02 2.411594390869140625e-01 4.317101836204528809e-01
-8.740275166928768158e-03 2.347466349601745605e-01 4.305925667285919189e-01
-1.280092298984527588e-01 2.355080544948577881e-01 4.264943599700927734e-01
1.648436114192008972e-02 2.411594390869140625e-01 4.317101836204528809e-01
-8.408463746309280396e-02 2.570177316665649414e-01 4.312860369682312012e-01
-4.312002286314964294e-02 2.122337520122528076e-01 4.257264733314514160e-01
-1.193345487117767334e-01 2.101867496967315674e-01 4.191370010375976562e-01
3.106796182692050934e-02 2.382179647684097290e-01 4.305469989776611328e-01
1.648436114192008972e-02 2.411594390869140625e-01 4.317101836204528809e-01
-8.740275166928768158e-03 2.347466349601745605e-01 4.305925667285919189e-01
-8.834644407033920288e-02 1.609704643487930298e-01 4.175387918949127197e-01
-2.304918318986892700e-02 2.132530957460403442e-01 4.312848448753356934e-01
2.119418606162071228e-02 2.602724730968475342e-01 4.407177567481994629e-01
1.648436114192008972e-02 2.411594390869140625e-01 4.317101836204528809e-01
1.648436114192008972e-02 2.411594390869140625e-01 4.317101836204528809e-01
-9.719996154308319092e-02 2.305559366941452026e-01 4.242017865180969238e-01
1.648436114192008972e-02 2.411594390869140625e-01 4.317101836204528809e-01
1.648436114192008972e-02 2.411594390869140625e-01 4.317101836204528809e-01
2.157079428434371948e-02 2.554633021354675293e-01 4.356065988540649414e-01
1.648436114192008972e-02 2.411594390869140625e-01 4.317101836204528809e-01
-8.740275166928768158e-03 2.347466349601745605e-01 4.305925667285919189e-01
1.648436114192008972e-02 2.411594390869140625e-01 4.317101836204528809e-01
1.648436114192008972e-02 2.411594390869140625e-01 4.317101836204528809e-01
1.648436114192008972e-02 2.411594390869140625e-01 4.317101836204528809e-01
2.157079428434371948e-02 2.554633021354675293e-01 4.356065988540649414e-01
1.648436114192008972e-02 2.411594390869140625e-01 4.317101836204528809e-01
1.648436114192008972e-02 2.411594390869140625e-01 4.317101836204528809e-01
-4.312002286314964294e-02 2.122337520122528076e-01 4.257264733314514160e-01
1.648436114192008972e-02 2.411594390869140625e-01 4.317101836204528809e-01
1.648436114192008972e-02 2.411594390869140625e-01 4.317101836204528809e-01
1.648436114192008972e-02 2.411594390869140625e-01 4.317101836204528809e-01
1.648436114192008972e-02 2.411594390869140625e-01 4.317101836204528809e-01
-4.312002286314964294e-02 2.122337520122528076e-01 4.257264733314514160e-01
1.648436114192008972e-02 2.411594390869140625e-01 4.317101836204528809e-01
1.648436114192008972e-02 2.411594390869140625e-01 4.317101836204528809e-01
1.648436114192008972e-02 2.411594390869140625e-01 4.317101836204528809e-01
1.648436114192008972e-02 2.411594390869140625e-01 4.317101836204528809e-01
5.697207152843475342e-02 1.935633569955825806e-01 4.245537519454956055e-01
1.648436114192008972e-02 2.411594390869140625e-01 4.317101836204528809e-01
1.648436114192008972e-02 2.411594390869140625e-01 4.317101836204528809e-01
2.157079428434371948e-02 2.554633021354675293e-01 4.356065988540649414e-01
1.648436114192008972e-02 2.411594390869140625e-01 4.317101836204528809e-01
1.648436114192008972e-02 2.411594390869140625e-01 4.317101836204528809e-01
1.648436114192008972e-02 2.411594390869140625e-01 4.317101836204528809e-01
1.648436114192008972e-02 2.411594390869140625e-01 4.317101836204528809e-01
1.648436114192008972e-02 2.411594390869140625e-01 4.317101836204528809e-01
1.648436114192008972e-02 2.411594390869140625e-01 4.317101836204528809e-01
3.106796182692050934e-02 2.382179647684097290e-01 4.305469989776611328e-01
1.648436114192008972e-02 2.411594390869140625e-01 4.317101836204528809e-01
1.648436114192008972e-02 2.411594390869140625e-01 4.317101836204528809e-01
5.697207152843475342e-02 1.935633569955825806e-01 4.245537519454956055e-01
1.648436114192008972e-02 2.411594390869140625e-01 4.317101836204528809e-01
1.648436114192008972e-02 2.411594390869140625e-01 4.317101836204528809e-01
1.489983797073364258e-01 2.769163846969604492e-01 4.434339404106140137e-01
1.648436114192008972e-02 2.411594390869140625e-01 4.317101836204528809e-01
1.037127897143363953e-01 2.529066205024719238e-01 4.350699186325073242e-01
1.648436114192008972e-02 2.411594390869140625e-01 4.317101836204528809e-01
3.106796182692050934e-02 2.382179647684097290e-01 4.305469989776611328e-01
7.324945926666259766e-02 3.350522816181182861e-01 4.497954249382019043e-01
-4.312002286314964294e-02 2.122337520122528076e-01 4.257264733314514160e-01
1.705666780471801758e-01 3.349304795265197754e-01 4.462615549564361572e-01
1.931208372116088867e-01 3.571256995201110840e-01 4.409980773925781250e-01
1.648436114192008972e-02 2.411594390869140625e-01 4.317101836204528809e-01
1.037127897143363953e-01 2.529066205024719238e-01 4.350699186325073242e-01
